#  /home/moore/pycode/Analysis/lammpsgr.py 0.5m16kw.6.lammpstrj 0.5mgr6all.dat -max 30 -nbins 600
#  nbins=600, min=0, max=30.0, dr=0.05008347245409015
#  Types:4 1:16000 2:32000 3:144 4:144
#  r 1-1 1-2 1-3 1-4 2-2 2-3 2-4 3-3 3-4 4-4 
#  <vol> 518122.324640932 sqrt(<(x-<x>)^2>) = 2292.667503389319 nconfigs: 200
0 0 0 0 0 0 0 0 0 0 0
0.0500835 0 0 0 0 0 0 0 0 0 0
0.100167 0 0 0 0 0 0 0 0 0 0
0.15025 0 0 0 0 0 0 0 0 0 0
0.200334 0 0 0 0 0 0 0 0 0 0
0.250417 0 0 0 0 0 0 0 0 0 0
0.300501 0 0 0 0 0 0 0 0 0 0
0.350584 0 0 0 0 0 0 0 0 0 0
0.400668 0 0 0 0 0 0 0 0 0 0
0.450751 0 0 0 0 0 0 0 0 0 0
0.500835 0 0 0 0 0 0 0 0 0 0
0.550918 0 0 0 0 0 0 0 0 0 0
0.601002 0 0 0 0 0 0 0 0 0 0
0.651085 0 0 0 0 0 0 0 0 0 0
0.701169 0 0 0 0 0 0 0 0 0 0
0.751252 0 0 0 0 0 0 0 0 0 0
0.801336 0 0 0 0 0 0 0 0 0 0
0.851419 0 0 0 0 0 0 0 0 0 0
0.901503 0 0.461316 0 0 0 0 0 0 0 0
0.951586 0 36.1144 0 0 0 0 0 0 0 0
1.00167 0 15.7541 0 0 0 0 0 0 0 0
1.05175 0 0.00322208 0 0 0 0 0 0 0 0
1.10184 0 0 0 0 0 0 0 0 0 0
1.15192 0 0 0 0 0 0 0 0 0 0
1.202 0 0 0 0 0 0 0 0 0 0
1.25209 0 0 0 0 0.000179783 0 0 0 0 0
1.30217 0 0 0 0 0.00593885 0 0 0 0 0
1.35225 0 0 0 0 0.105933 0 0 0 0 0
1.40234 0 5.26871e-05 0 0 0.856145 0 0 0 0 0
1.45242 0 0.00103297 0 0 2.99842 0 0 0 0 0
1.5025 0 0.00991638 0 0 4.32238 0 0 0 0 0
1.55259 0 0.0517989 0 0 2.37535 0 0 0 0 0
1.60267 0 0.166528 0 0 0.453752 0 0 0 0 0
1.65275 0 0.3694 0 0 0.0449266 0 4.52612e-05 0 0 0
1.70284 0 0.622069 0 0 0.038695 0 0.0016955 0 0 0
1.75292 0 0.845009 0 0 0.0657481 0 0.0110136 0 0 0
1.80301 0 0.983286 0 0 0.106271 0 0.082756 0 0 0
1.85309 0 1.02065 0 0 0.161256 0 0.314353 0 0 0
1.90317 0 0.983044 0 0 0.230034 0 0.817474 0 0 0
1.95326 0 0.895916 0 0 0.312168 9.76492e-05 1.56763 0 0 0
2.00334 0 0.795314 0.000234281 0 0.404796 0.00145116 2.35074 0 0 0
2.05342 0 0.691361 0.00412052 0 0.504859 0.00287057 2.99131 0 0 0
2.10351 0 0.598194 0.126167 0 0.611061 0.00580703 3.25286 0 0 0
2.15359 0 0.519228 0.892067 0 0.713685 0.0112157 3.21061 0 0 0
2.20367 0 0.454935 2.89691 0 0.812586 0.0240566 2.92561 0 0 0
2.25376 0 0.4076 5.63174 0 0.903162 0.0432145 2.57017 0 0.013508 0
2.30384 0 0.373548 7.38734 0 0.987142 0.0744802 2.15279 0 0.500194 0
2.35392 1.53286e-05 0.351504 7.4281 0 1.05421 0.125504 1.74966 0 3.39627 0
2.40401 0.000735156 0.341578 6.2381 0 1.10688 0.184505 1.40186 0 13.1941 0
2.45409 0.0118142 0.341585 4.63771 0 1.14262 0.266278 1.13953 0 27.8096 0
2.50417 0.0827231 0.354664 3.32279 0 1.16229 0.388882 0.928655 0 39.0542 0
2.55426 0.319081 0.381855 2.23596 0 1.16296 0.561148 0.7697 0 38.1802 0
2.60434 0.7881 0.421755 1.52253 3.04904e-06 1.1488 0.771145 0.641025 0 30.1762 0
2.65442 1.39876 0.476384 1.03237 0.000662501 1.11842 1.05135 0.53835 0 20.1535 0
2.70451 1.94395 0.544983 0.736505 0.00598605 1.08089 1.34799 0.474045 0 13.2837 0
2.75459 2.26531 0.63096 0.527908 0.0567887 1.037 1.70043 0.439492 0 8.2794 0
2.80467 2.34541 0.726075 0.39445 0.280816 0.995485 2.04424 0.423543 0 4.78757 0
2.85476 2.25838 0.828368 0.302331 0.809436 0.959497 2.36551 0.436514 0 2.4712 0
2.90484 2.07886 0.933024 0.246199 1.68779 0.930799 2.59452 0.466093 0 1.69994 0
2.95492 1.87634 1.03141 0.205038 2.64757 0.910083 2.75309 0.505859 0 0.926301 0
3.00501 1.68547 1.12107 0.175012 3.37325 0.899106 2.78941 0.605754 0 0.786222 0
3.05509 1.52351 1.1961 0.16137 3.67204 0.894292 2.73336 0.718182 0.0849612 0.411504 0
3.10518 1.39285 1.24933 0.157307 3.56656 0.898735 2.51694 0.863257 0.199397 0.294465 0
3.15526 1.29193 1.28623 0.159175 3.17821 0.907067 2.21921 1.01829 0.150355 0.20488 0
3.20534 1.21263 1.30982 0.150827 2.70041 0.91954 1.89308 1.16717 0.182393 0.12845 0
3.25543 1.15143 1.32021 0.157051 2.22912 0.935071 1.54172 1.29435 0.320478 0.132557 0
3.30551 1.10522 1.32199 0.165043 1.82975 0.953381 1.24387 1.36398 0.439286 0.0829046 0
3.35559 1.06771 1.31531 0.182269 1.49905 0.973408 1.007 1.38525 0.561709 0.119344 0
3.40568 1.03705 1.30316 0.208863 1.23117 0.993619 0.837442 1.36317 0.48744 0.142864 0
3.45576 1.01454 1.28555 0.226105 1.04909 1.01408 0.720986 1.32087 0.517536 0.109848 0.0808662
3.50584 0.995966 1.26257 0.248794 0.919495 1.03222 0.655746 1.24586 0.721162 0.126562 0.0776805
3.55593 0.978106 1.23624 0.281876 0.827423 1.0494 0.607416 1.16725 0.794577 0.0950954 0.0434238
3.60601 0.969845 1.20604 0.337237 0.75167 1.06364 0.566974 1.07772 0.786389 0.143361 0.0978049
3.65609 0.959887 1.17145 0.373259 0.716073 1.0732 0.541532 0.998699 0.821703 0.196789 0.184774
3.70618 0.951895 1.13491 0.418977 0.699889 1.08101 0.538864 0.941781 0.711749 0.148837 0.401095
3.75626 0.944441 1.10243 0.492216 0.689576 1.08234 0.533243 0.90408 0.741588 0.23245 0.3251
3.80634 0.938889 1.07171 0.555116 0.663358 1.07945 0.531197 0.867604 0.461619 0.230756 0.305387
3.85643 0.936695 1.04638 0.610663 0.671937 1.07297 0.540295 0.851896 0.589094 0.244577 0.505606
3.90651 0.935807 1.02637 0.690963 0.67462 1.06191 0.552474 0.83285 0.637476 0.301204 0.635335
3.95659 0.934816 1.00925 0.769819 0.679182 1.04824 0.57621 0.834323 0.806877 0.388274 0.683668
4.00668 0.933659 0.997943 0.831996 0.718352 1.0338 0.596215 0.835395 0.698031 0.527001 0.751686
4.05676 0.934302 0.989506 0.910795 0.733309 1.0206 0.62533 0.846371 0.686143 0.656154 0.971876
4.10684 0.93485 0.981383 0.980045 0.75812 1.00669 0.637715 0.872615 0.682412 0.624207 1.0291
4.15693 0.9332 0.976397 1.03126 0.792586 0.996475 0.66482 0.890725 0.667005 0.799473 1.3239
4.20701 0.936655 0.972335 1.09265 0.80827 0.98833 0.697188 0.910431 0.670768 1.07248 1.31799
4.2571 0.936315 0.968439 1.16114 0.837686 0.981215 0.732167 0.926968 0.660298 0.974762 1.39904
4.30718 0.93792 0.964954 1.20497 0.867938 0.976374 0.761541 0.945783 0.765399 1.09403 1.59033
4.35726 0.939405 0.963 1.23776 0.875315 0.972538 0.798381 0.962303 0.771062 1.50544 1.56979
4.40735 0.940727 0.96059 1.27922 0.892015 0.973315 0.828107 0.9817 0.666788 1.6589 1.25597
4.45743 0.943448 0.956625 1.29948 0.913334 0.97365 0.862536 0.997004 0.579981 1.8676 1.38442
4.50751 0.947609 0.954817 1.31341 0.926246 0.975719 0.898936 1.01183 0.631131 1.98243 1.34424
4.5576 0.950058 0.952378 1.33418 0.941122 0.978477 0.932458 1.03494 0.581438 1.98688 1.44353
4.60768 0.950559 0.949885 1.34536 0.975913 0.980919 0.953625 1.03454 0.535707 2.04515 1.49389
4.65776 0.954131 0.948332 1.34973 0.977358 0.983971 0.986759 1.04223 0.607095 2.21598 1.19091
4.70785 0.957464 0.946526 1.34881 0.983882 0.986911 1.02245 1.04804 0.46615 2.25357 1.22653
4.75793 0.95779 0.945072 1.34307 0.988921 0.989193 1.04998 1.05222 0.398109 2.34875 1.0648
4.80801 0.958938 0.944354 1.32752 1.01518 0.990491 1.07986 1.05756 0.50729 2.43066 0.941665
4.8581 0.960847 0.944638 1.32141 1.02232 0.992503 1.10039 1.05103 0.504898 2.56067 0.946486
4.90818 0.964112 0.94468 1.28205 1.01836 0.993571 1.12457 1.03271 0.434577 2.66822 1.09933
4.95826 0.966025 0.945488 1.27462 1.02986 0.993311 1.14989 1.03138 0.477731 2.70274 1.22847
5.00835 0.967471 0.948583 1.23671 1.0209 0.992629 1.16306 1.03296 0.499464 2.75211 1.02102
5.05843 0.971635 0.950396 1.20143 1.01165 0.992415 1.18159 1.0242 0.443619 2.59851 0.794221
5.10851 0.976294 0.952625 1.15915 1.02774 0.991489 1.2006 1.01523 0.47216 2.69556 0.844898
5.1586 0.979996 0.955944 1.1215 1.01606 0.988996 1.21579 1.00947 0.436659 2.55721 0.810461
5.20868 0.986959 0.959664 1.08214 1.01739 0.98816 1.21921 0.999719 0.694447 2.48033 0.822259
5.25876 0.990332 0.964203 1.03906 1.0205 0.986223 1.21354 0.999272 0.55985 2.48984 0.791019
5.30885 0.995076 0.967559 0.999704 1.02972 0.984094 1.21296 0.998518 0.459172 2.25162 0.628056
5.35893 0.99892 0.972258 0.986029 1.03254 0.983164 1.2126 0.996338 0.563999 1.97888 0.512946
5.40902 1.00378 0.977246 0.960796 1.02596 0.981181 1.1936 0.993377 0.598023 1.79815 0.574227
5.4591 1.00386 0.981597 0.948489 1.02071 0.980221 1.18272 0.993473 0.546491 1.83019 0.578177
5.50918 1.00364 0.984655 0.926242 1.03205 0.979784 1.16114 0.983222 0.697683 1.63603 0.656887
5.55927 1.00378 0.989621 0.907421 1.0472 0.978773 1.14653 0.992209 0.657388 1.60308 0.512262
5.60935 1.00134 0.99212 0.907294 1.04693 0.979844 1.12947 0.995973 0.688638 1.44588 0.652753
5.65943 0.999458 0.994951 0.893628 1.03683 0.980512 1.10238 0.989511 0.834637 1.11351 0.574725
5.70952 0.997286 0.998114 0.88485 1.03206 0.981292 1.07983 0.983622 1.00014 1.08254 0.564276
5.7596 0.995614 0.999898 0.878695 1.03302 0.981593 1.05893 0.984599 0.873544 1.09452 0.538953
5.80968 0.994002 1.00148 0.879201 1.01923 0.982187 1.0343 0.99156 0.802832 1.00413 0.589809
5.85977 0.992091 1.00243 0.881019 1.01116 0.984574 1.0133 0.987193 0.946403 1.01533 0.533316
5.90985 0.99229 1.00336 0.870584 1.01696 0.98614 0.995176 0.981907 0.905878 1.03981 0.611604
5.95993 0.99136 1.00453 0.889546 1.00257 0.987006 0.97897 0.975213 1.14957 0.977998 0.540056
6.01002 0.989588 1.00424 0.897443 0.992842 0.988657 0.956187 0.97144 0.921993 0.95779 0.551842
6.0601 0.990341 1.00388 0.895712 0.992697 0.989614 0.944043 0.979897 0.870614 0.896105 0.512502
6.11018 0.991017 1.00339 0.898674 0.977224 0.990535 0.930471 0.970862 1.04222 0.958564 0.54317
6.16027 0.990781 1.00212 0.905183 0.977659 0.990644 0.921073 0.968979 1.07648 0.991925 0.527756
6.21035 0.990783 1.0008 0.907202 0.974596 0.991173 0.92096 0.96427 1.04449 0.9964 0.588847
6.26043 0.990691 0.999864 0.917857 0.970742 0.991587 0.916399 0.963237 1.01761 0.999131 0.596257
6.31052 0.99285 0.998584 0.920322 0.971415 0.99166 0.910633 0.966869 1.09715 1.04794 0.671977
6.3606 0.993229 0.998371 0.926784 0.967267 0.992186 0.902135 0.961595 1.10651 1.14281 0.713931
6.41068 0.992765 0.997328 0.943698 0.982845 0.992153 0.90146 0.962422 0.967923 1.18415 0.729969
6.46077 0.993873 0.996181 0.949677 0.988756 0.992233 0.911164 0.966896 0.929736 1.20166 0.843064
6.51085 0.995246 0.996047 0.958506 0.97885 0.991996 0.909789 0.968415 0.863039 1.13459 0.756809
6.56093 0.998629 0.996061 0.960332 0.969221 0.991942 0.918224 0.962278 0.809105 1.07983 0.842229
6.61102 0.997857 0.994754 0.98203 0.978343 0.992566 0.920621 0.97115 0.930747 1.15086 0.968275
6.6611 0.999302 0.994963 0.992766 0.990146 0.992605 0.922298 0.973615 0.898484 1.23333 0.849644
6.71119 0.998655 0.995123 0.993109 0.982552 0.992191 0.929383 0.980677 0.917053 1.21324 0.875486
6.76127 0.998811 0.994908 1.00105 0.994897 0.992348 0.93936 0.979414 0.870612 1.33394 0.827142
6.81135 0.998686 0.994627 1.00455 0.998002 0.993156 0.945191 0.986228 0.879345 1.39833 0.752547
6.86144 0.999016 0.994784 1.00544 0.997205 0.99327 0.948472 0.991093 1.01565 1.32278 0.935977
6.91152 1.00023 0.994747 1.01359 1.00163 0.993437 0.957252 0.994833 0.866528 1.27968 0.959835
6.9616 1.00115 0.994439 1.00779 0.999077 0.993736 0.960961 1.00651 0.869276 1.23329 1.13365
7.01169 1.00025 0.994879 1.01528 1.00466 0.99432 0.967805 1.0049 0.774303 1.32987 1.00693
7.06177 0.999035 0.994815 1.01915 1.01275 0.995016 0.975597 1.00314 0.707309 1.48226 0.940307
7.11185 0.997067 0.994882 1.02658 1.01294 0.995583 0.980849 1.00435 0.874667 1.35087 1.00261
7.16194 0.999071 0.994681 1.01878 1.00368 0.995758 0.986351 1.01242 0.702019 1.34311 0.922165
7.21202 0.99826 0.994485 1.01693 1.0076 0.996103 0.990178 1.0107 0.75112 1.32292 0.973586
7.2621 0.998639 0.994708 1.01323 1.00645 0.996415 0.999795 1.01656 0.790485 1.33386 1.09463
7.31219 0.997968 0.995007 1.01638 1.0078 0.996878 1.00742 1.01741 0.895128 1.42834 1.04175
7.36227 0.997602 0.994212 1.01619 1.00941 0.997078 1.0062 1.01105 0.764347 1.26279 0.969578
7.41235 0.99597 0.99413 1.01705 1.01232 0.997611 1.01297 1.01212 0.792183 1.29996 1.08726
7.46244 0.995512 0.994656 1.01607 1.00447 0.997288 1.02053 1.00682 0.903157 1.27742 0.996642
7.51252 0.994043 0.994599 1.00935 1.00468 0.997732 1.0209 1.00657 0.822066 1.25533 0.858154
7.5626 0.993921 0.994166 1.01057 0.999506 0.997194 1.02296 1.01211 0.758011 1.32322 0.995493
7.61269 0.993829 0.994089 1.01664 1.00353 0.996899 1.02216 1.01346 0.859426 1.21977 1.0467
7.66277 0.992209 0.994853 1.01665 1.01149 0.997009 1.02673 1.00258 0.951792 1.17113 0.866944
7.71285 0.99182 0.993853 0.998844 1.00336 0.996692 1.02436 1.00467 0.853152 1.29724 1.0046
7.76294 0.990842 0.99352 0.993472 1.00374 0.99714 1.02432 1.00462 0.744671 1.15497 1.00381
7.81302 0.990983 0.994112 0.992641 1.00014 0.996318 1.02187 0.99926 0.826447 1.28306 0.909452
7.86311 0.989584 0.993446 0.996778 0.994116 0.996563 1.0288 0.999661 0.787687 1.34061 0.787882
7.91319 0.989975 0.992535 0.999018 0.995003 0.996292 1.02545 0.996183 0.836823 1.2503 0.862538
7.96327 0.989847 0.993039 0.99204 0.99297 0.995905 1.02136 0.996016 0.817927 1.1626 0.874701
8.01336 0.990107 0.993195 0.994989 0.996865 0.995401 1.02645 0.996088 1.02367 1.249 0.829813
8.06344 0.98855 0.992739 0.992421 0.983905 0.994828 1.01831 0.993602 0.871308 1.11628 0.770852
8.11352 0.989551 0.992983 0.988294 0.985061 0.994921 1.01116 0.989344 0.840488 1.1499 0.819658
8.16361 0.989853 0.992677 0.989112 0.985318 0.994053 1.01213 0.989641 0.844786 1.1643 0.811134
8.21369 0.989202 0.992615 0.986629 0.989241 0.993715 1.0158 0.989857 0.918339 1.21208 0.829612
8.26377 0.99016 0.992431 0.993363 0.986357 0.993223 1.0099 0.989291 0.884081 1.18922 0.907994
8.31386 0.990376 0.992256 0.98745 0.987672 0.993035 1.00523 0.986568 0.968133 1.1692 0.860886
8.36394 0.989847 0.992408 0.994165 0.986139 0.992301 1.00373 0.987448 0.876249 1.09067 0.782045
8.41402 0.989997 0.992119 0.996067 0.9849 0.992867 0.997346 0.985999 0.881328 1.08165 0.818019
8.46411 0.990804 0.992301 0.989544 0.990385 0.99282 0.997226 0.985036 1.03828 1.09074 0.873488
8.51419 0.992214 0.992052 0.989568 0.981759 0.99243 0.99488 0.979754 0.901283 1.11143 0.859351
8.56427 0.992042 0.992712 0.988837 0.995631 0.992283 0.990263 0.984702 0.838514 1.12968 0.787482
8.61436 0.991717 0.992609 0.98825 0.992734 0.992275 0.991986 0.984919 0.841651 1.10245 0.871532
8.66444 0.991804 0.99204 0.98994 0.991073 0.992302 0.987897 0.987092 0.908707 1.09713 0.942537
8.71452 0.992568 0.992456 0.98557 0.99173 0.992009 0.98833 0.988477 0.927105 1.09073 0.847901
8.76461 0.993044 0.993009 0.988352 0.991795 0.991846 0.990832 0.980541 0.911451 1.08857 0.862152
8.81469 0.992827 0.993222 0.990955 0.995146 0.991781 0.991999 0.976378 0.897282 1.06778 0.932043
8.86477 0.99346 0.992862 0.985409 0.997451 0.992075 0.987267 0.983733 0.913543 1.05622 0.805104
8.91486 0.994308 0.992914 0.984549 0.988687 0.991741 0.985204 0.988416 0.877405 1.12364 0.834087
8.96494 0.994613 0.993154 0.992413 0.990148 0.99159 0.989365 0.982805 0.954896 1.076 0.891684
9.01503 0.994588 0.992906 0.991368 0.999681 0.992155 0.987835 0.991295 1.02948 1.10964 0.942122
9.06511 0.994728 0.993627 0.98834 1.00347 0.992955 0.986096 0.986641 0.903113 1.11624 0.895724
9.11519 0.99475 0.993899 0.994223 0.997525 0.992683 0.987676 0.990565 0.968059 1.15395 0.950978
9.16528 0.996557 0.994141 0.998764 0.998685 0.992991 0.987968 0.993235 0.909946 1.05642 0.91379
9.21536 0.996653 0.994435 0.995476 1.00398 0.993149 0.983677 0.991417 0.896613 1.0543 0.895345
9.26544 0.995998 0.994477 0.998414 0.995665 0.993353 0.984641 0.992087 0.908078 1.07114 0.94186
9.31553 0.996892 0.995019 0.987878 0.997231 0.993744 0.987763 0.990039 0.898002 1.06917 0.855011
9.36561 0.996747 0.994857 0.988133 0.998782 0.993613 0.988152 0.995199 0.918529 1.08222 0.896132
9.41569 0.996625 0.995265 0.993773 1.0025 0.993914 0.99129 0.993668 0.975432 1.09217 0.910069
9.46578 0.996174 0.995272 0.994737 1.00171 0.99403 0.987584 0.997396 0.857179 1.06816 0.966983
9.51586 0.996144 0.995379 0.994808 0.996934 0.994464 0.9901 0.997814 0.895253 1.09299 0.992002
9.56594 0.996505 0.995633 0.996 0.997257 0.994682 0.991136 0.998473 0.933371 1.11398 0.955501
9.61603 0.995629 0.995726 0.991354 1.00094 0.99484 0.996841 0.999793 0.887876 1.15299 0.944252
9.66611 0.996409 0.995756 0.991943 0.99567 0.995402 0.994898 1.00196 0.893119 1.10357 0.975856
9.71619 0.99632 0.995804 0.994327 0.988634 0.995291 0.997329 0.999281 0.904153 1.14538 0.898505
9.76628 0.9961 0.996245 0.998283 0.994391 0.995767 0.993752 0.999558 0.945315 1.06212 0.960203
9.81636 0.997343 0.996205 0.992417 0.996924 0.995763 0.995374 0.999078 0.937314 1.14511 0.957827
9.86644 0.996749 0.995903 0.988246 1.00116 0.995955 0.995476 0.998468 0.867127 1.09709 0.985715
9.91653 0.996117 0.996388 0.99229 1.00023 0.996174 0.996297 0.996342 0.894467 1.1139 0.943342
9.96661 0.996299 0.996297 0.992057 0.997104 0.996345 0.995195 0.996377 0.934394 1.09793 0.956441
10.0167 0.996073 0.996198 0.994597 0.999181 0.996288 0.994928 1.00163 0.933321 1.05454 0.952413
10.0668 0.996657 0.996025 0.995323 0.99559 0.996455 0.999237 0.997029 0.947631 1.06914 0.958179
10.1169 0.99604 0.996074 0.988299 0.99976 0.996321 0.997559 1.00148 0.970612 1.11083 0.930523
10.1669 0.995677 0.996021 0.992816 0.996756 0.996241 0.999838 0.992341 0.940771 1.06282 0.923772
10.217 0.995008 0.9959 0.994694 0.993182 0.996239 0.998645 0.99671 0.902533 1.0521 0.9257
10.2671 0.995178 0.995875 0.99297 1.0006 0.996485 0.997752 0.997876 0.951335 1.09589 0.977122
10.3172 0.995315 0.995991 0.993287 0.998458 0.996164 1.00056 0.997569 0.95918 1.07928 0.941688
10.3673 0.995267 0.996065 0.99383 0.997661 0.996368 0.997697 0.996038 0.974941 1.07646 0.939466
10.4174 0.994751 0.99536 0.99717 0.997847 0.996089 0.994859 0.998435 0.907629 1.03787 1.00965
10.4674 0.99507 0.995741 0.994056 0.999502 0.996291 1.00043 0.998854 0.947247 1.05697 1.00781
10.5175 0.995134 0.995444 0.990014 0.994631 0.996505 0.998071 0.999477 0.839857 1.02061 0.98713
10.5676 0.994746 0.995151 0.997185 0.994304 0.995865 0.997187 0.996961 0.908346 1.08217 0.997109
10.6177 0.994593 0.995292 1.00092 0.997473 0.995793 0.995573 0.996811 0.973383 1.05005 0.969962
10.6678 0.995318 0.995477 0.998893 1.00121 0.995814 0.99753 0.997254 0.990311 1.01882 0.901803
10.7179 0.995109 0.995232 0.990973 0.993103 0.995798 0.998746 0.99457 0.939494 1.05055 0.939412
10.7679 0.994304 0.995193 0.994948 0.992453 0.995815 0.996177 0.996002 0.96893 1.03846 0.943276
10.818 0.994439 0.995129 0.998933 0.994734 0.996053 0.997805 0.994564 0.945109 1.00977 0.91854
10.8681 0.994101 0.995342 0.996513 0.993607 0.995396 0.997976 0.989457 0.900623 1.05136 0.899525
10.9182 0.994958 0.995349 0.995954 0.995577 0.995622 0.994503 0.990188 0.951834 1.02535 0.886235
10.9683 0.994785 0.995172 0.997389 0.995996 0.995403 0.996598 0.991479 1.01565 1.06173 0.908499
11.0184 0.994398 0.994836 0.998386 0.990244 0.994716 0.995068 0.991189 0.952235 1.10547 0.982962
11.0684 0.994723 0.994977 0.999031 0.987591 0.995171 0.994498 0.989135 0.903748 1.07725 0.996811
11.1185 0.995405 0.994934 0.994874 0.988414 0.995233 0.997372 0.989475 0.885975 1.04959 0.963855
11.1686 0.995762 0.995465 0.996808 0.990629 0.994851 0.993696 0.990771 0.980542 1.04743 0.953474
11.2187 0.995546 0.995352 0.994652 0.989249 0.995107 0.997066 0.995594 0.95097 1.0821 0.904589
11.2688 0.995324 0.995226 0.995536 0.994415 0.995008 0.99492 0.993935 0.930483 1.06662 0.926618
11.3189 0.995382 0.994951 0.992216 1.00155 0.995124 0.995583 0.991996 0.970934 1.12166 0.972006
11.3689 0.994613 0.995291 0.991694 0.997323 0.994909 0.993019 0.996263 0.959223 1.05403 1.04623
11.419 0.994958 0.995108 0.989729 0.993873 0.995475 0.993713 0.993806 0.976938 1.06285 1.03102
11.4691 0.994935 0.99552 0.990964 1.00406 0.995439 0.996753 0.994766 0.959973 1.05842 0.994259
11.5192 0.994958 0.994682 0.990357 1.00244 0.995096 0.997981 0.994239 1.03629 1.04793 0.959948
11.5693 0.994891 0.995039 0.998628 0.994878 0.995171 0.995779 0.993747 0.88389 1.05459 0.937861
11.6194 0.995621 0.995505 0.998884 0.997421 0.995539 0.997332 0.990774 0.897649 1.0392 0.950418
11.6694 0.996062 0.995337 0.999591 0.992693 0.99529 0.997429 0.995682 0.948398 1.07811 0.957408
11.7195 0.996713 0.995486 0.999517 0.993357 0.995428 0.995628 0.995327 0.943957 1.03113 0.994944
11.7696 0.996214 0.995431 0.996368 0.995116 0.995156 0.993532 0.992293 0.981369 1.01351 0.918483
11.8197 0.995878 0.995886 0.993433 0.998564 0.994999 0.995265 0.995554 0.982388 1.04187 0.983357
11.8698 0.995869 0.995991 0.990796 0.99916 0.995426 0.994622 0.998444 0.924302 1.04162 0.917741
11.9199 0.995832 0.995946 0.993733 0.995018 0.995643 0.998466 0.997419 0.974243 1.02548 0.963015
11.9699 0.995799 0.996091 0.996497 0.994845 0.995692 0.997444 0.995584 0.910048 1.09123 0.945219
12.02 0.995645 0.996084 0.992053 0.997489 0.995796 0.996675 1.00095 0.914505 1.09842 1.00032
12.0701 0.996525 0.996197 0.993358 1.00034 0.995824 0.996292 0.998334 1.00661 1.04518 1.0396
12.1202 0.996391 0.996029 0.991401 0.998566 0.995805 0.994302 0.994777 0.986186 1.02977 1.03082
12.1703 0.995944 0.99586 0.994126 0.999205 0.995598 0.993228 0.996371 1.00213 1.04566 0.935444
12.2204 0.996524 0.995671 0.991511 0.996239 0.995556 0.997587 0.995544 1.00588 1.04207 0.989202
12.2705 0.995578 0.996095 0.992245 0.997335 0.995704 0.994906 0.994213 1.00242 1.08304 0.969139
12.3205 0.995782 0.996182 0.998834 0.998097 0.99603 0.995739 0.998412 1.01986 1.03742 0.96382
12.3706 0.995184 0.995901 0.997495 0.998488 0.995902 0.993311 0.99563 0.984832 1.01003 1.01154
12.4207 0.995863 0.995981 0.994405 0.998533 0.99604 0.99711 0.997693 1.01421 0.987098 1.02204
12.4708 0.996168 0.996313 0.994149 0.998605 0.996037 0.992341 0.995542 0.958257 1.0263 1.01832
12.5209 0.995453 0.996107 0.999981 0.996609 0.995979 0.992492 0.997959 0.905325 1.0213 0.93071
12.571 0.996453 0.996068 0.994105 0.999727 0.996108 0.996978 0.996091 0.901846 1.01887 0.963887
12.621 0.996986 0.996155 0.994445 0.99647 0.996465 0.998039 0.995959 0.957017 1.03402 1.00403
12.6711 0.996519 0.996294 0.99227 0.997249 0.996922 0.996199 0.994814 0.943147 0.978926 1.0105
12.7212 0.996309 0.996344 0.998397 0.994218 0.996505 0.996696 0.998357 1.00896 1.06935 0.98953
12.7713 0.996379 0.996028 0.996151 0.99721 0.996451 0.99499 0.998749 1.00679 1.04594 0.982095
12.8214 0.996418 0.995748 0.995872 1.00043 0.996287 0.99469 0.998936 0.96098 1.04094 0.943839
12.8715 0.995638 0.996163 0.992903 1.00167 0.996298 0.997547 1.00014 0.937647 1.03604 0.890339
12.9215 0.996073 0.996293 0.989393 0.999765 0.996696 0.998223 0.996037 0.968508 1.03185 0.967008
12.9716 0.996027 0.996349 0.993968 0.995267 0.996477 0.997319 0.993213 0.96433 1.02329 1.01613
13.0217 0.996503 0.995727 1.00029 0.991508 0.996397 0.995731 0.998096 1.03074 1.01844 0.951265
13.0718 0.996374 0.996211 0.996491 0.990418 0.996314 0.997616 0.999785 0.956074 1.05467 0.97851
13.1219 0.996805 0.996458 0.996964 0.993336 0.995967 0.998323 0.997648 1.0257 1.0126 0.935177
13.172 0.996301 0.996395 0.997195 0.998039 0.996198 0.998667 0.996988 0.928363 1.03095 0.998935
13.222 0.995933 0.996315 0.998835 0.996249 0.996503 0.996801 0.998025 0.925574 0.99734 0.965387
13.2721 0.996412 0.996694 1.00349 1.00053 0.996333 0.995182 0.994284 0.977618 1.03371 0.96516
13.3222 0.996646 0.996288 0.995788 1.0014 0.996557 0.995733 0.997006 0.912357 0.996546 0.963337
13.3723 0.995976 0.996466 0.992558 0.99654 0.996401 0.995332 0.995328 1.01089 0.975449 0.970705
13.4224 0.995985 0.996487 0.994368 0.996256 0.99635 1.00066 0.996956 0.972834 1.01103 1.04065
13.4725 0.996439 0.996449 0.998431 0.99612 0.996319 0.996846 0.995315 1.02205 1.04166 1.01231
13.5225 0.996401 0.996226 0.998073 0.994014 0.996844 0.997246 0.995149 1.01384 1.00349 1.00202
13.5726 0.996792 0.996586 0.999559 0.99569 0.99614 0.994517 0.997574 0.99242 0.997213 1.00557
13.6227 0.996267 0.996323 0.999871 0.99625 0.996314 0.995142 0.998261 0.984164 1.00466 0.966424
13.6728 0.996179 0.996547 0.995488 0.996888 0.996231 0.997281 0.997149 0.977277 1.04643 0.978817
13.7229 0.995919 0.996343 0.997188 0.998155 0.99628 0.998979 0.99227 0.972648 1.0497 0.982478
13.773 0.996384 0.996129 0.996988 0.996073 0.996528 0.995565 0.991673 0.986954 0.992301 1.02327
13.823 0.996819 0.996533 0.993649 0.997924 0.996324 0.994828 0.997913 1.03316 1.01499 0.994067
13.8731 0.996216 0.99658 0.998404 0.992098 0.996207 0.994099 0.996411 0.996423 1.05224 0.9918
13.9232 0.996554 0.996489 0.998178 0.996354 0.996399 0.997775 0.993603 0.996046 0.996949 0.971623
13.9733 0.996203 0.996261 0.99681 0.996412 0.996197 0.999974 0.993834 0.921167 1.00295 0.937525
14.0234 0.996483 0.996629 0.994096 0.993674 0.996461 0.996798 0.997995 1.02295 0.990403 0.954611
14.0735 0.996443 0.996745 0.996299 0.996721 0.996543 0.998418 0.995029 1.05327 1.04125 1.03442
14.1235 0.996763 0.996444 0.992034 1.00066 0.996448 0.994446 0.99516 0.924299 1.05337 1.0532
14.1736 0.996285 0.996242 0.994151 0.99436 0.996339 0.994367 0.999687 0.939995 1.0202 0.993778
14.2237 0.996489 0.996313 0.993793 0.996751 0.996548 0.998027 0.998022 0.956822 1.01191 0.980741
14.2738 0.996268 0.996355 0.993145 1.00043 0.996251 0.998895 0.998545 1.00209 1.08611 0.996202
14.3239 0.996386 0.996453 0.995761 0.997047 0.996406 0.994769 0.997136 0.984466 1.02285 1.0211
14.374 0.99621 0.996516 0.995933 0.995343 0.996476 0.994166 0.995491 0.999253 0.958544 1.04271
14.424 0.996349 0.996785 0.995408 0.99672 0.99672 0.99727 0.992956 1.05098 1.00146 1.00718
14.4741 0.996618 0.996314 0.992151 0.995855 0.996391 0.996944 0.994787 1.03411 1.04531 0.99152
14.5242 0.996283 0.996399 0.994288 0.998109 0.996243 0.998402 0.995385 0.970527 1.01754 0.962929
14.5743 0.996769 0.996635 1.00201 0.996302 0.99621 0.995085 0.998335 0.970465 1.02307 1.04651
14.6244 0.996873 0.996446 0.993886 0.999891 0.99651 0.994007 0.995367 1.0061 0.98548 1.03081
14.6745 0.996796 0.996654 0.99495 0.998732 0.996655 0.996696 0.995814 0.99364 1.05189 0.977163
14.7245 0.996898 0.996781 0.997907 0.996165 0.99665 0.997996 0.997709 0.936312 1.03302 1.02673
14.7746 0.997031 0.996612 0.999403 0.997561 0.996787 1.00071 0.997182 0.994258 1.03525 1.00418
14.8247 0.996062 0.996503 0.998735 0.992207 0.996718 0.996297 0.998674 0.99258 1.03986 0.899697
14.8748 0.996076 0.996736 0.995175 0.994735 0.996795 0.995048 0.99679 0.988959 1.01652 0.935932
14.9249 0.996244 0.996621 0.999414 0.997913 0.996675 0.995385 0.997011 0.985408 1.06151 1.02635
14.975 0.997014 0.996509 0.993492 1.00112 0.996776 0.994986 0.996776 1.07609 1.04733 1.01667
15.025 0.997108 0.996749 0.995807 0.997959 0.99687 0.996483 0.99679 0.964938 1.03423 1.0012
15.0751 0.997537 0.996629 0.997526 0.999513 0.996613 0.996736 0.994223 0.992137 1.0297 0.988899
15.1252 0.996932 0.996614 0.998824 0.997959 0.996655 0.995132 0.996906 1.04705 1.03096 1.02505
15.1753 0.996547 0.996807 0.996651 0.995386 0.996969 0.996948 0.999398 0.975677 1.0001 0.965008
15.2254 0.996369 0.996686 0.996187 0.996561 0.996844 0.997973 0.996801 0.972252 1.06081 1.02043
15.2755 0.996493 0.996554 0.994496 0.995388 0.996743 0.995009 0.995932 1.00586 1.01329 0.978021
15.3255 0.996387 0.996812 0.994338 0.994099 0.996812 0.999095 0.998025 1.09834 0.985679 0.964043
15.3756 0.996294 0.996751 0.993447 0.995228 0.997096 0.99947 0.997117 1.01988 1.00122 1.05512
15.4257 0.996702 0.996943 0.996024 1.00001 0.99672 0.995036 0.996806 0.994861 1.03441 0.999419
15.4758 0.996489 0.9968 0.99597 0.998743 0.996685 0.9971 0.997955 1.00052 1.01366 0.993038
15.5259 0.996945 0.996711 0.995844 0.999313 0.99671 0.997819 0.998084 1.0167 0.998648 0.958473
15.576 0.997169 0.996827 0.997721 0.995601 0.996759 0.992496 0.994038 0.98588 1.02158 0.971494
15.626 0.997361 0.996773 1.00017 0.9972 0.997008 0.998521 0.997753 0.988007 1.05571 0.899134
15.6761 0.996632 0.996973 0.993705 0.997435 0.99685 0.999334 0.997565 1.00853 1.03449 0.91836
15.7262 0.996551 0.996891 0.996579 1.00039 0.996953 0.995443 0.998198 0.960229 1.03725 0.940249
15.7763 0.99694 0.996854 0.997671 0.999936 0.996805 0.995159 0.997652 0.928383 1.0158 1.00536
15.8264 0.996955 0.997211 0.996002 0.999105 0.99689 0.997461 0.998429 1.01748 1.02238 1.00573
15.8765 0.996803 0.996892 1.00028 0.995865 0.99684 0.997171 0.996428 0.977557 1.04037 0.971474
15.9265 0.99687 0.996987 0.99906 0.995594 0.996973 0.99964 0.995735 0.925414 1.04862 0.989818
15.9766 0.996811 0.996947 0.996669 0.995279 0.996749 0.997597 0.997414 0.964404 0.981571 0.94191
16.0267 0.997212 0.996772 0.9965 0.996636 0.996653 0.995886 1.00034 0.979496 0.98546 0.967802
16.0768 0.997394 0.997049 0.996751 0.999753 0.997008 0.998634 0.997724 1.01045 1.05597 0.941059
16.1269 0.997306 0.997025 0.999397 0.994422 0.99687 0.998335 0.997814 0.952051 1.00926 0.979909
16.177 0.996903 0.996848 0.99397 0.998447 0.997102 0.996355 0.994543 0.923957 1.00666 0.959683
16.227 0.996862 0.996779 0.994244 0.999179 0.997066 0.997461 0.994731 0.97889 0.963617 0.985747
16.2771 0.996719 0.996846 0.999652 0.996106 0.996985 0.99686 0.993926 1.00716 1.00597 1.0049
16.3272 0.997134 0.996817 0.996447 0.995626 0.996803 0.998743 0.996886 0.982421 1.05912 0.989628
16.3773 0.996887 0.997302 0.996455 0.998664 0.996778 0.995463 0.996401 0.954299 1.06527 0.952141
16.4274 0.996867 0.997006 0.999977 0.999513 0.996986 0.99674 0.998088 1.00788 1.01982 0.994213
16.4775 0.996328 0.996866 0.996288 0.998425 0.996838 0.996955 0.995939 0.973485 1.01871 0.948577
16.5275 0.996833 0.997018 0.995087 0.99426 0.996731 0.997844 0.995594 0.955934 1.03765 0.980551
16.5776 0.997339 0.996859 0.995567 0.998041 0.996883 0.996225 0.999928 0.933161 1.048 0.997558
16.6277 0.997285 0.996832 0.99766 1.00066 0.997133 0.998482 0.998138 0.959716 1.05113 0.995954
16.6778 0.996715 0.996888 0.998951 0.998617 0.996978 1 0.996059 1.02617 0.992822 0.971076
16.7279 0.996442 0.997134 0.999363 0.994374 0.997046 0.998486 0.996487 1.05236 0.992212 0.995303
16.778 0.996883 0.997049 0.998402 0.991959 0.99688 0.997404 0.996792 1.0076 1.0017 0.982088
16.828 0.997323 0.996999 0.99912 0.998046 0.996863 0.99743 0.998152 1.03125 0.99847 0.950452
16.8781 0.997224 0.997164 0.998798 0.998577 0.997085 0.99665 0.997813 0.994392 1.03467 0.957817
16.9282 0.997269 0.996976 0.9998 0.995795 0.997117 0.998348 0.997842 0.953179 0.977859 0.998068
16.9783 0.996899 0.996994 0.996258 0.997748 0.997198 0.997649 0.995728 1.01274 0.981708 1.00385
17.0284 0.996985 0.997205 0.997024 0.99929 0.99688 0.998763 0.997254 1.04127 1.01959 0.978519
17.0785 0.99739 0.996925 0.994045 0.997859 0.997076 0.99666 0.99941 1.0175 1.06993 1.01473
17.1285 0.997136 0.997008 0.994469 0.996732 0.997279 0.996313 0.996614 0.991228 1.08638 1.04386
17.1786 0.99713 0.997017 0.99749 0.997492 0.997289 0.996001 0.996034 1.01585 1.04256 1.03721
17.2287 0.997289 0.9971 0.998166 0.997434 0.997237 0.994717 0.997865 0.999546 1.02829 0.973363
17.2788 0.997077 0.997207 0.997223 1.00008 0.997003 0.996514 0.997279 1.00851 0.981957 0.971423
17.3289 0.997205 0.99698 0.99649 0.999865 0.996884 0.997893 0.996166 1.00098 1.01641 0.982949
17.379 0.996731 0.997215 0.997198 0.99906 0.996898 0.998114 0.998036 0.975385 1.01605 1.01391
17.429 0.997142 0.997186 0.995117 0.996586 0.997404 0.997445 0.995371 0.966144 0.98253 1.05029
17.4791 0.997172 0.997184 0.99589 0.996621 0.997299 0.996243 0.997923 1.03592 1.00547 0.959217
17.5292 0.996819 0.997198 0.997179 0.996291 0.997013 0.995295 0.995817 1.03595 0.995674 0.986059
17.5793 0.997161 0.997181 0.99709 0.997782 0.99701 0.99572 0.996783 0.980726 1.03607 1.00074
17.6294 0.997361 0.99703 0.995642 0.998446 0.997065 0.997811 0.997667 1.02292 1.02505 1.02886
17.6795 0.996979 0.99699 0.99758 0.994262 0.997171 0.996971 0.996381 1.03933 1.00971 0.994811
17.7295 0.99695 0.997164 1.0006 0.999063 0.997232 0.99859 0.995984 1.02659 1.01607 0.969057
17.7796 0.997295 0.997123 0.997261 0.999412 0.997256 0.998276 0.995045 1.05394 1.05607 0.958701
17.8297 0.997196 0.997149 0.993521 0.995728 0.997191 0.996271 0.997149 1.03393 0.996805 0.988017
17.8798 0.997083 0.997119 0.994647 0.997805 0.997075 0.998164 0.998115 1.03623 1.00074 1.04122
17.9299 0.997468 0.997153 0.996419 0.996088 0.997314 0.996333 0.997111 0.976065 1.02589 0.976567
17.98 0.997185 0.99726 0.994902 0.995364 0.997144 0.995928 0.995476 1.00709 0.985578 0.974344
18.0301 0.996762 0.997299 0.995994 0.995596 0.997416 1.0001 0.99718 1.00128 1.01103 0.971086
18.0801 0.997163 0.997139 0.997584 0.99724 0.99737 1.00065 0.996391 1.03526 0.980726 0.996819
18.1302 0.996839 0.997561 0.999984 0.998862 0.997272 0.999605 0.997615 0.997851 1.01289 0.949742
18.1803 0.997365 0.997195 0.998051 0.99691 0.997339 0.997983 0.996975 0.98045 1.0209 0.972375
18.2304 0.997094 0.997214 0.995652 0.995779 0.997444 0.995055 0.995607 1.02222 0.963597 0.989243
18.2805 0.997412 0.99741 0.996374 0.995477 0.997434 0.99664 0.996364 0.961824 0.990909 0.95092
18.3306 0.997318 0.997448 0.999444 0.996005 0.997599 0.996894 0.995267 1.00008 1.04558 0.976767
18.3806 0.997164 0.997452 0.999178 0.998809 0.997294 0.994027 0.997089 1.04706 0.972948 0.963088
18.4307 0.997624 0.997409 0.996869 0.994583 0.997471 0.995793 0.997979 1.03061 0.9912 0.963877
18.4808 0.997662 0.997494 0.995958 0.996733 0.997279 0.997528 0.99843 1.01873 1.02995 0.960124
18.5309 0.997624 0.99729 0.998577 0.995973 0.997204 0.995754 0.997433 1.01962 1.02488 1.02149
18.581 0.997353 0.997278 0.9979 0.99835 0.997249 0.995454 0.995225 1.03397 1.02286 0.977084
18.6311 0.997489 0.99742 0.99772 0.994811 0.997253 0.995927 0.997642 1.03687 1.04553 0.961983
18.6811 0.997583 0.997648 0.993941 1.00012 0.997219 0.99924 0.997801 1.02452 1.02133 0.962362
18.7312 0.997767 0.99748 0.995476 0.998956 0.997483 0.998364 0.998333 0.998109 1.00185 0.974962
18.7813 0.997273 0.997456 0.998636 0.997473 0.997152 0.996087 0.997467 0.970472 0.994582 0.971152
18.8314 0.997459 0.997514 0.997213 0.998087 0.997268 0.995815 0.996593 0.981116 0.989804 0.980814
18.8815 0.997867 0.997554 0.998622 1.00063 0.997466 0.99738 0.996728 1.02004 1.02459 0.977824
18.9316 0.997493 0.997232 0.999077 0.996285 0.997583 0.997892 0.996914 0.986649 1.0192 0.963216
18.9816 0.997356 0.9975 0.996315 0.993762 0.99755 0.997457 0.99831 0.999765 0.999831 0.961448
19.0317 0.997615 0.997312 0.998261 0.996382 0.99768 0.996656 0.997644 0.984039 1.00536 0.973756
19.0818 0.997669 0.997275 0.996544 1.00128 0.997421 0.998407 0.998871 0.951257 0.983674 1.03688
19.1319 0.997471 0.997427 0.995089 0.999899 0.997367 0.995409 0.996547 0.984049 1.00327 0.968183
19.182 0.997366 0.997545 0.994751 0.998851 0.997366 0.996969 0.99712 0.986884 1.00938 0.94317
19.2321 0.997511 0.997281 0.997494 0.995757 0.997439 0.997364 0.997907 1.00579 1.0209 0.99243
19.2821 0.997368 0.997284 0.997702 0.997809 0.997293 0.996889 0.996304 1.00507 0.994555 0.977826
19.3322 0.997425 0.997479 0.997063 0.996364 0.997355 0.997632 0.996579 0.977633 1.02207 0.958833
19.3823 0.997397 0.997646 0.99653 0.998026 0.997244 0.998038 0.997166 1.02171 0.982363 1.01186
19.4324 0.997132 0.997492 1.00078 0.996439 0.997495 0.998031 0.994357 0.986105 0.999795 0.963315
19.4825 0.997614 0.997198 0.996602 0.997305 0.997531 0.999122 0.997148 1.0277 1.02911 0.955799
19.5326 0.997681 0.997474 0.996033 0.997613 0.997519 0.999725 0.998562 0.993623 1.00474 0.927756
19.5826 0.997374 0.997529 0.997101 0.999634 0.997606 0.996769 0.998579 0.999867 1.01905 1.01375
19.6327 0.997793 0.997659 0.997859 1.00051 0.997481 0.997597 1.00028 0.991668 1.00855 1.00424
19.6828 0.997332 0.997417 0.996495 0.997642 0.997401 0.997707 0.997943 0.994166 0.997576 0.968661
19.7329 0.997264 0.997567 0.999341 0.996604 0.997297 0.995562 0.996476 1.02673 1.02113 1.01186
19.783 0.997058 0.997407 0.997023 1.00161 0.997422 0.998155 0.997472 1.03972 1.00768 0.991694
19.8331 0.997116 0.997496 0.997309 0.99583 0.997584 0.996127 0.997196 1.05099 0.991711 1.025
19.8831 0.99735 0.997399 0.999922 0.994582 0.997504 0.996641 0.997812 0.99737 1.01058 1.0231
19.9332 0.997407 0.997238 0.997548 0.996747 0.997434 0.998356 0.998529 0.989413 1.02732 1.0177
19.9833 0.997344 0.997388 0.998631 0.998634 0.997417 0.99774 0.996681 0.984978 1.01346 1.02374
20.0334 0.997386 0.997568 0.999693 0.996267 0.997486 0.996389 0.997404 1.03865 1.03807 0.947091
20.0835 0.997162 0.99737 0.997251 0.995605 0.997442 0.997166 0.996988 1.05674 1.02369 0.969069
20.1336 0.997323 0.997338 0.998189 0.994275 0.997449 0.997584 0.997189 0.998618 1.03781 1.03642
20.1836 0.997791 0.997546 0.99591 0.995985 0.997616 0.997923 0.996346 0.999352 1.01191 1.00787
20.2337 0.997645 0.997618 0.999574 0.997099 0.997519 0.997877 0.995203 1.02245 0.988543 0.997167
20.2838 0.99734 0.99759 0.997972 0.997182 0.997519 0.997565 0.997714 0.982394 0.997577 1.0059
20.3339 0.997134 0.997559 0.998523 0.998538 0.997498 0.997291 0.998354 0.971946 1.00406 0.979154
20.384 0.99758 0.997555 0.997828 0.998028 0.997703 0.996825 0.997157 1.02525 0.958351 0.969841
20.4341 0.997627 0.997681 0.995522 0.997734 0.997569 0.997596 0.996931 0.971551 0.938093 1.00448
20.4841 0.9976 0.997495 0.996025 0.997181 0.997578 0.998329 0.998491 0.985662 0.964642 1.00346
20.5342 0.997811 0.997454 0.996873 0.997271 0.99761 0.996511 0.998449 1.00608 0.976618 0.974899
20.5843 0.997669 0.99739 0.996106 0.999387 0.997626 0.998407 0.996919 0.97416 0.963303 0.98683
20.6344 0.99697 0.997448 0.997401 0.996191 0.99767 0.999833 0.995702 0.968237 0.989047 1.03042
20.6845 0.997763 0.997422 0.99673 0.996451 0.997603 0.998424 0.997634 1.01708 0.99998 1.01334
20.7346 0.997655 0.997302 0.998714 0.999587 0.997466 0.99867 0.997699 1.02899 1.01542 1.01911
20.7846 0.997586 0.997481 0.998613 0.997333 0.997526 0.998658 0.998581 1.01937 0.997691 1.02047
20.8347 0.997589 0.997503 0.998717 0.998833 0.997474 0.996661 0.998131 0.977897 0.996135 1.03251
20.8848 0.997588 0.997656 0.998157 0.997721 0.99737 0.996558 0.999417 0.959907 1.01137 0.999874
20.9349 0.997825 0.99775 0.996939 0.996332 0.99769 0.995641 0.998065 0.997866 0.969358 1.02271
20.985 0.997788 0.997705 0.996857 0.998713 0.997806 0.997202 0.997381 1.0225 0.97613 0.977988
21.0351 0.997354 0.997643 0.995952 1.00004 0.997655 0.998038 0.99748 0.983408 0.972791 0.990836
21.0851 0.997857 0.997707 0.99663 0.997682 0.997752 0.997889 0.996556 0.990432 1.00163 1.00442
21.1352 0.997881 0.997885 0.999116 0.999636 0.997634 0.999077 0.996738 1.03522 1.01441 1.03891
21.1853 0.997765 0.997836 0.997082 0.998109 0.997656 0.99899 0.997337 1.0059 0.99596 0.979421
21.2354 0.997642 0.997771 0.998543 0.997158 0.997689 0.996462 0.997418 1.0504 1.0248 1.01718
21.2855 0.99759 0.997721 0.998153 0.996279 0.997557 0.99854 0.997022 0.966932 1.00569 0.998054
21.3356 0.997812 0.997583 0.997833 0.99736 0.997561 0.99944 0.998284 1.00961 1.00016 0.999918
21.3856 0.99779 0.997693 0.996416 0.999146 0.997706 0.99575 0.999215 1.0046 1.02089 1.01183
21.4357 0.99738 0.997797 0.99764 0.998547 0.997664 0.999041 0.997362 0.984693 1.02156 1.00402
21.4858 0.997855 0.997798 0.998585 0.999254 0.99769 0.996463 0.999545 1.0103 1.00987 0.986112
21.5359 0.997718 0.997759 0.99884 0.996514 0.997466 0.997311 0.997941 0.990937 1.00058 1.01221
21.586 0.997495 0.997861 0.998069 1.00045 0.9976 0.997166 0.997998 0.917444 0.991558 0.962472
21.6361 0.998101 0.997674 0.999626 0.998578 0.997507 0.99755 0.996823 0.965789 1.00712 0.988838
21.6861 0.998091 0.997806 0.997203 0.996806 0.997637 0.997006 0.997835 0.941718 1.00294 1.00215
21.7362 0.997703 0.99772 0.993775 0.998762 0.997876 0.996616 0.997138 1.02421 0.989378 1.01372
21.7863 0.997998 0.997779 0.994252 0.997391 0.997801 0.999998 0.998168 0.979399 0.997391 0.996246
21.8364 0.997696 0.997737 0.999025 0.996253 0.997777 0.998594 0.996734 0.981585 1.02732 1.00661
21.8865 0.998086 0.997748 0.997795 0.995158 0.997789 0.997465 0.997292 0.991146 0.979571 1.00771
21.9366 0.997921 0.997853 0.998431 0.998201 0.997862 0.99567 0.998042 1.04069 1.01436 0.996463
21.9866 0.997402 0.997736 0.998632 0.996993 0.997799 0.998283 0.998343 0.971625 1.01252 0.983831
22.0367 0.997616 0.997763 0.998447 0.994766 0.997869 0.99864 0.998205 0.986963 1.0036 1.01312
22.0868 0.997503 0.997687 0.998598 0.996878 0.997979 0.997195 0.997977 1.00825 1.0036 0.98653
22.1369 0.997963 0.997658 0.997733 0.997285 0.997721 0.997476 0.998278 1.0218 0.985843 0.952895
22.187 0.997954 0.997682 0.997013 0.996945 0.997631 0.997956 0.997938 0.983612 1.0014 1.01605
22.2371 0.99775 0.997819 0.995706 0.996529 0.99784 0.997397 0.997888 1.01298 0.979022 1.01546
22.2871 0.997722 0.997624 0.998488 0.999933 0.997979 0.996942 0.995328 0.971379 0.9954 1.01701
22.3372 0.997968 0.997798 0.997764 0.998817 0.997978 0.997615 0.996399 1.01322 0.996305 1.01609
22.3873 0.997774 0.997949 0.998188 0.996499 0.997834 0.998705 0.998524 1.01602 0.985682 0.981011
22.4374 0.997286 0.997763 0.997306 0.996278 0.997885 0.997275 0.99698 1.01347 0.987127 0.96976
22.4875 0.997631 0.997576 0.99593 0.997729 0.997796 0.997963 0.997192 0.99477 0.997642 0.995385
22.5376 0.997836 0.997789 0.999921 0.997181 0.997646 0.999265 0.996144 1.0043 1.0107 0.97985
22.5876 0.998026 0.997698 0.999444 0.999195 0.997656 0.997971 0.997552 1.00553 0.987496 0.996413
22.6377 0.997424 0.997915 0.997505 0.99832 0.997895 0.996732 0.998104 1.00875 0.960187 0.977029
22.6878 0.997615 0.997928 1.00017 0.997724 0.997808 0.996097 0.99505 1.03136 1.00967 0.988949
22.7379 0.997942 0.99784 0.998416 0.998031 0.997692 0.996925 0.998461 1.03712 1.01095 0.998075
22.788 0.997701 0.997825 0.999239 0.998004 0.997787 0.997291 0.998149 0.959813 1.00871 0.943522
22.8381 0.997696 0.997754 0.997297 0.99984 0.997878 0.999213 0.998053 1.00546 0.98967 0.954963
22.8881 0.997732 0.997742 0.995767 0.997216 0.998083 0.998743 0.998798 0.980779 0.998137 0.992178
22.9382 0.997836 0.997918 0.998522 0.999764 0.997818 0.998177 0.998716 0.986312 0.996676 1.00848
22.9883 0.998029 0.997728 0.996998 0.999009 0.997686 0.996516 0.999354 1.01444 0.998864 0.990907
23.0384 0.998093 0.997727 0.995735 0.999228 0.997852 0.99728 0.999239 0.981441 0.967661 1.0153
23.0885 0.997837 0.99797 0.995847 0.998296 0.997724 0.997921 0.998264 0.943409 0.985561 0.967045
23.1386 0.997906 0.997796 0.99666 0.995135 0.997817 0.997715 0.996475 1.01189 0.986866 0.993314
23.1886 0.997603 0.997872 0.997925 0.997056 0.997894 0.998866 0.998552 0.993265 1.00462 0.998813
23.2387 0.997518 0.997905 0.998734 0.994042 0.997764 0.99827 0.998454 0.949107 0.977661 1.01837
23.2888 0.997689 0.997993 0.997221 0.996339 0.997811 0.997971 0.997484 0.939612 1.01906 0.986975
23.3389 0.997961 0.99785 0.999882 0.996225 0.99781 0.998057 0.997868 0.992206 1.01595 0.9901
23.389 0.997614 0.997942 0.997371 0.99863 0.997807 0.998688 0.995853 0.996235 1.00278 1.02969
23.4391 0.998139 0.997864 0.999804 0.997348 0.997712 0.996107 0.99675 1.02307 0.994811 1.02712
23.4891 0.998098 0.997756 1.00014 0.996066 0.998004 0.997515 0.999102 1.03828 1.01245 0.97317
23.5392 0.997842 0.997676 0.996786 0.998599 0.997824 0.999529 0.999608 0.962577 1.00068 1.03752
23.5893 0.99798 0.997761 0.996935 0.999211 0.99784 0.997636 0.99746 0.978968 1.0049 0.991055
23.6394 0.998077 0.997763 0.996175 1.00105 0.998006 0.998666 0.997855 0.925699 1.00022 1.00752
23.6895 0.997589 0.99806 0.999938 0.999631 0.997939 0.998526 0.999002 0.989535 1.01677 1.00411
23.7396 0.997829 0.99788 0.999591 0.998827 0.997907 0.997488 0.998716 1.03937 0.99836 0.999226
23.7896 0.997793 0.997978 0.997941 1.00006 0.99792 0.997601 0.997336 0.985619 0.99315 1.03544
23.8397 0.997739 0.997867 0.995116 0.997358 0.997921 0.998085 0.997302 0.975575 0.99498 0.955493
23.8898 0.998331 0.997958 0.997865 0.99909 0.997931 0.99946 0.998161 0.985918 0.998456 0.971074
23.9399 0.998116 0.997964 0.999792 0.998619 0.997895 0.999289 0.997148 0.960609 1.02382 0.968403
23.99 0.998059 0.997921 0.997898 0.997583 0.997828 0.997502 0.997691 0.975135 0.987641 1.01451
24.0401 0.997941 0.997957 0.995797 0.997745 0.99783 0.999502 0.99742 1.00757 0.991646 1.00644
24.0902 0.997877 0.997892 0.998809 0.999048 0.997847 0.999296 0.998164 0.996434 0.996803 0.971007
24.1402 0.998075 0.997913 0.997986 0.997528 0.998039 0.99819 0.999812 0.963641 1.0007 1.01698
24.1903 0.997948 0.997897 1.00006 0.99803 0.997931 0.997502 0.999865 0.984044 1.00868 0.978712
24.2404 0.998086 0.997905 0.997889 0.999462 0.997936 0.996558 0.998434 0.990981 0.984802 1.00138
24.2905 0.997876 0.998076 0.996622 0.999293 0.997957 0.996449 0.998133 0.984257 0.981526 1.00253
24.3406 0.997951 0.997967 0.996328 0.998115 0.997988 0.997526 0.997205 0.99284 1.0115 0.971163
24.3907 0.997853 0.998004 0.99882 0.996576 0.998153 0.998242 0.997292 0.997873 0.993392 0.997745
24.4407 0.997876 0.998103 0.998289 0.99749 0.998007 0.996857 0.997877 0.971089 0.97222 1.01468
24.4908 0.99799 0.998025 0.99699 0.997238 0.997949 0.996927 0.998995 1.00265 0.997817 0.993487
24.5409 0.998128 0.998046 0.996898 0.99775 0.99817 0.997057 0.998117 0.984455 0.972477 0.974934
24.591 0.997772 0.997953 0.996145 0.999352 0.998159 0.99752 0.996233 0.961832 0.982552 0.983032
24.6411 0.998123 0.997958 0.996875 1.00039 0.997872 0.998199 0.997711 0.971737 0.999801 0.971455
24.6912 0.99805 0.997934 0.999069 0.99541 0.998011 0.997938 0.997294 0.968861 0.997683 1.00028
24.7412 0.997763 0.998149 0.997801 0.995445 0.997993 0.994523 0.996825 0.96892 0.994489 0.998064
24.7913 0.998186 0.998051 0.99847 0.997859 0.998095 0.997195 0.998947 1.00644 0.981179 0.967549
24.8414 0.998196 0.998059 0.999634 0.998812 0.998079 0.998892 0.99764 1.02597 0.983747 0.976617
24.8915 0.998175 0.998113 0.997576 0.997924 0.997977 0.999299 0.997556 1.00726 0.986714 1.01001
24.9416 0.99784 0.998012 0.997328 0.999393 0.998035 0.999168 0.998563 0.958302 0.98228 0.96616
24.9917 0.99772 0.997883 0.999028 0.997441 0.998035 0.997816 0.998238 0.988059 0.999927 0.986734
25.0417 0.99793 0.997954 0.998985 0.99734 0.997887 0.998933 0.998835 0.971318 1.0153 0.953542
25.0918 0.998157 0.998135 1.00039 0.999914 0.998047 0.998514 0.99696 0.977732 0.966444 0.949738
25.1419 0.998203 0.998112 0.999253 0.999497 0.997907 0.999036 0.999555 0.975074 0.966425 0.992855
25.192 0.997759 0.997994 0.995576 0.998108 0.998044 0.998656 0.999701 0.991002 0.980866 0.983405
25.2421 0.997958 0.997957 0.996274 0.996106 0.998063 0.997749 0.999763 0.980348 0.985313 0.967349
25.2922 0.998159 0.99806 0.996054 0.999181 0.998039 0.998857 0.998339 0.976458 0.970087 0.941742
25.3422 0.998069 0.998082 0.997126 0.998749 0.998022 0.998852 0.999914 0.985399 0.988917 0.971261
25.3923 0.998234 0.997895 0.998391 1.00021 0.998155 0.997625 0.997603 1.01115 0.99867 0.979723
25.4424 0.998186 0.998131 0.998444 0.99754 0.998136 0.998684 0.999586 1.01827 0.989574 0.986853
25.4925 0.997706 0.998128 1.00032 0.997489 0.998077 0.997961 0.99685 1.00162 0.970719 0.959103
25.5426 0.998076 0.9981 0.997519 0.998635 0.998037 0.997796 0.997905 0.979278 0.988567 0.982602
25.5927 0.998279 0.998221 0.997653 0.999068 0.997905 0.998617 0.997706 0.992942 0.977297 0.983389
25.6427 0.998135 0.998147 0.998031 0.996761 0.998041 1.00002 0.997499 0.953687 1.0034 1.00851
25.6928 0.998152 0.998109 0.995867 0.997367 0.998038 0.997851 0.99853 0.997522 0.989275 0.973335
25.7429 0.998129 0.997867 0.997009 0.99723 0.998092 0.997115 0.99862 0.983512 0.97691 0.992599
25.793 0.998217 0.997961 0.998909 0.998887 0.998009 0.99659 1.00022 0.950458 0.962982 0.975158
25.8431 0.997995 0.998064 0.998994 0.999791 0.998037 0.999064 0.998747 0.988046 0.973676 0.974132
25.8932 0.998032 0.998028 0.998175 0.99806 0.998109 0.99919 0.998292 0.985564 0.995692 0.975288
25.9432 0.997906 0.997948 0.996137 0.997514 0.998041 0.997707 0.998714 0.95551 0.967225 0.974097
25.9933 0.998272 0.997888 0.996364 0.996648 0.998102 0.99901 0.997602 0.961244 0.990926 0.996027
26.0434 0.998036 0.998099 0.999438 0.999004 0.998001 0.999748 0.997036 0.981673 0.964934 0.988681
26.0935 0.998021 0.99807 0.999007 0.998943 0.998079 0.998331 0.997328 0.974115 0.992432 1.01488
26.1436 0.997969 0.998012 1.00129 0.999441 0.99816 0.997966 0.99659 0.994922 1.00623 0.975936
26.1937 0.998008 0.998126 0.999411 0.998348 0.998159 0.997819 0.997692 0.997013 0.990322 0.999258
26.2437 0.997812 0.998121 0.999736 0.99559 0.998062 0.997922 0.998064 0.978031 0.988141 0.989781
26.2938 0.998092 0.998045 1.00187 0.997653 0.998025 0.999888 0.998226 0.957898 1.01062 0.989308
26.3439 0.998459 0.998165 0.999168 0.998592 0.998178 0.998868 0.998784 1.00848 0.984386 0.991853
26.394 0.99804 0.998058 0.997994 1.00013 0.998081 0.997932 0.998502 1.01057 0.978115 1.00273
26.4441 0.997892 0.998191 0.999164 0.999077 0.99806 0.997668 0.998883 0.979279 0.980555 0.99681
26.4942 0.997963 0.998122 1.00061 0.999899 0.998091 0.998525 0.997542 0.979953 0.997341 1.02121
26.5442 0.998025 0.997907 0.999687 0.999703 0.998256 0.996604 0.99819 0.963055 0.997377 0.995682
26.5943 0.998093 0.997992 0.999026 0.997682 0.998078 0.996604 0.998119 1.00946 0.990041 1.00639
26.6444 0.998199 0.998151 0.997209 0.996736 0.998026 0.999483 0.998658 1.00047 0.991124 0.987814
26.6945 0.998323 0.998323 0.998464 0.998776 0.998218 0.998922 0.998456 0.973777 0.988396 0.998683
26.7446 0.997704 0.998117 0.998772 1.00048 0.998132 0.999665 0.998495 0.990325 0.994293 0.991893
26.7947 0.997745 0.998154 0.995405 0.99545 0.997966 0.999595 0.998915 0.97774 1.0189 0.986253
26.8447 0.997949 0.998133 0.994961 0.995733 0.997982 0.998022 0.998217 0.997491 0.983004 0.975796
26.8948 0.998282 0.99822 0.999202 0.997842 0.998058 0.998264 0.997746 0.964542 0.974257 0.983859
26.9449 0.998397 0.998166 0.996067 0.998206 0.998183 0.996921 0.996585 0.993771 0.994632 0.988039
26.995 0.998293 0.99813 0.996594 0.999484 0.998218 0.99717 0.999955 0.978624 0.983527 1.00303
27.0451 0.998354 0.997962 1.00008 0.998904 0.998089 0.998769 1.00026 0.974903 0.986408 0.999944
27.0952 0.998115 0.998076 0.997664 0.997674 0.998177 0.998378 0.999706 1.01057 0.979145 0.982914
27.1452 0.998051 0.99805 0.997225 1.00027 0.998178 0.997324 0.998756 1.0178 0.970726 1
27.1953 0.99806 0.998238 0.99731 0.998697 0.998216 0.998112 0.998178 0.996572 1.00776 0.987636
27.2454 0.997906 0.998264 0.997117 0.999287 0.998263 0.997156 0.999036 0.976842 0.997471 1.01533
27.2955 0.998298 0.99831 0.998564 0.996939 0.998325 0.996517 0.998971 1.00464 0.983417 0.984191
27.3456 0.998252 0.998124 1.00012 0.99711 0.998238 0.998848 0.998684 0.977046 1.00361 0.990784
27.3957 0.998314 0.998185 0.998019 0.998702 0.998223 0.997958 0.998055 0.977435 0.985104 0.98492
27.4457 0.998317 0.998247 0.996932 0.999359 0.998088 0.999323 0.999035 0.995955 0.989876 1.00868
27.4958 0.998356 0.998221 0.9977 0.998573 0.998217 0.99897 0.997478 0.988288 0.988959 0.963714
27.5459 0.998707 0.998173 0.998291 0.998521 0.998298 0.999239 0.999384 0.972426 1.00126 0.993948
27.596 0.998226 0.998309 0.996444 0.997316 0.998214 0.998777 0.998566 0.956253 0.993941 1.02436
27.6461 0.998178 0.998266 0.997042 0.998221 0.998248 0.999594 0.997685 1.0037 1.00149 1.0398
27.6962 0.998505 0.998201 0.998652 0.997015 0.998284 0.998455 0.997311 0.981936 0.988586 1.01819
27.7462 0.998079 0.998182 0.999625 0.997543 0.998186 0.996978 0.99798 0.971412 0.985543 0.998676
27.7963 0.998214 0.998394 0.997319 0.998163 0.998176 0.997565 0.996913 0.966954 0.993232 0.99497
27.8464 0.998272 0.998184 0.997737 1.00012 0.998075 0.996964 0.997206 0.967 1.01128 0.991812
27.8965 0.998073 0.998276 0.999308 1.0003 0.998247 0.998324 0.995714 1.00549 1.00021 1.00519
27.9466 0.998193 0.998309 0.999208 0.998493 0.998293 0.998788 0.997795 0.991581 1.00481 0.960452
27.9967 0.998103 0.998217 0.99806 0.998598 0.998244 0.998768 0.998198 0.956871 0.997259 1.01894
28.0467 0.998281 0.998252 0.998211 1.00011 0.998222 0.998947 0.999334 1.00765 0.981873 1.01906
28.0968 0.998279 0.998297 0.997311 0.997843 0.998203 0.997966 0.996148 0.954524 1.00894 1.00872
28.1469 0.998529 0.998228 0.99645 0.996066 0.998232 0.995986 0.998393 0.994185 0.998318 1.00495
28.197 0.998305 0.998263 0.998714 0.997935 0.998124 0.99696 0.99871 0.980723 1.00245 0.986998
28.2471 0.998284 0.998319 0.99904 0.997897 0.998182 0.998643 0.998119 0.984829 0.98674 0.995004
28.2972 0.998343 0.998283 0.995613 0.997865 0.998251 0.99865 0.999831 0.983756 0.992519 0.976615
28.3472 0.998156 0.998236 0.996558 0.99659 0.998267 0.997562 0.999296 0.963315 0.985469 1.00725
28.3973 0.99813 0.998244 0.998037 0.995616 0.998315 0.999355 0.998044 0.992482 1.01203 1.0187
28.4474 0.998067 0.998317 0.999184 0.996681 0.998246 0.998747 0.998554 0.997852 0.997742 1.01478
28.4975 0.997963 0.998393 0.999283 0.998025 0.998295 0.99793 0.99856 0.976717 0.975743 0.982286
28.5476 0.998358 0.998351 0.996713 0.999208 0.99817 0.997448 0.99749 1.00554 0.981554 1.00914
28.5977 0.99827 0.998188 0.999087 0.99971 0.998301 0.997936 0.997621 0.997379 0.999172 1.02737
28.6477 0.998183 0.998164 0.999178 0.998884 0.998309 0.998756 0.998994 0.951943 1.00367 0.991207
28.6978 0.998281 0.998062 0.99802 0.998426 0.998364 0.998273 0.997496 0.978183 0.982851 0.97538
28.7479 0.998328 0.998166 0.997373 0.995955 0.998337 0.998006 0.997502 0.999887 1.00002 0.995937
28.798 0.998377 0.998243 0.999925 0.996013 0.998285 0.998769 0.998489 0.985885 1.00367 1.00609
28.8481 0.99828 0.998236 0.998173 0.999137 0.998438 0.998233 0.998937 0.998991 0.974793 0.975117
28.8982 0.99814 0.998257 0.999923 0.998699 0.998295 0.997942 0.998344 1.00875 0.968104 0.990871
28.9482 0.998287 0.998358 0.999757 0.996627 0.998226 0.99889 0.997153 0.98077 0.995205 1.02255
28.9983 0.998224 0.998277 0.99805 0.998419 0.99832 1.00059 0.997666 0.989322 1.00144 0.988118
29.0484 0.9982 0.998188 0.99741 0.99865 0.998364 0.999609 0.997733 0.977975 1.01103 0.988949
29.0985 0.998417 0.998338 0.999061 0.999431 0.99838 0.99857 0.998729 0.977369 1.00684 0.99278
29.1486 0.998369 0.998341 0.998234 0.998381 0.998263 0.998728 0.998585 0.947974 0.981876 1.00174
29.1987 0.998108 0.998332 0.999332 0.998111 0.998254 0.998168 0.9983 1.01493 0.982329 0.993485
29.2487 0.998214 0.998239 0.998544 0.99762 0.998259 0.99877 0.997446 0.987159 0.998284 0.967727
29.2988 0.998219 0.998291 0.999224 0.997323 0.998253 0.999065 0.997807 0.971828 1.02178 1.00553
29.3489 0.998459 0.998202 0.998268 0.998475 0.998267 0.997551 0.997636 0.968149 0.985419 0.989905
29.399 0.998423 0.998294 0.999937 0.998071 0.99832 0.999114 0.997825 0.989284 0.98192 1.00429
29.4491 0.998406 0.998451 1.00196 0.996919 0.998259 0.999561 0.998716 0.990405 0.992781 0.987682
29.4992 0.998531 0.998288 1.00167 0.997675 0.99829 0.998724 0.998795 0.98264 0.993673 1.00669
29.5492 0.998445 0.9982 0.997659 0.998096 0.998405 0.998278 0.999655 0.987462 0.996382 1.01892
29.5993 0.998096 0.99831 0.997611 0.997428 0.998244 0.998188 0.998076 1.00315 0.984346 0.975644
29.6494 0.998001 0.998361 0.997168 0.999029 0.998203 0.998976 0.998291 0.994852 0.99626 0.990247
29.6995 0.998282 0.998377 0.996635 0.999648 0.998266 0.99868 0.998614 0.981106 0.981037 0.99706
29.7496 0.998376 0.998458 0.995834 0.999463 0.998481 0.998627 1.00027 0.970517 0.965928 1.0068
29.7997 0.998708 0.998431 0.998406 0.99984 0.998339 0.999034 0.999026 0.983185 0.987977 1.00621
29.8497 0.998346 0.998362 0.998003 0.999571 0.998359 0.998192 0.997968 0.983984 0.99113 1.00987
29.8998 0.998148 0.998326 0.999705 0.997621 0.998365 0.998148 0.997119 0.987986 1.00154 0.988081
29.9499 0.998308 0.998423 0.998916 1.00082 0.998298 0.996874 0.998221 0.990278 1.00474 1.00065
30 0.997356 0.99746 0.996535 1.00024 0.997386 0.994561 0.996255 0.973851 1.00511 0.983105
