# Step Elapsed Temp Press Volume TotEng KinEng PotEng E_mol E_pair Pxx Pyy Pzz Pxz Pxz Pyz 
  270000        0    298.26403  -0.58573513    532369.07   -91738.929     42679.73   -134418.66    12333.734   -146752.39    7.4933571    38.238765   -47.489327    149.28922    149.28922   -34.555453 
  271000     1000    296.59146    15.054038    529113.73   -91922.597    42440.395   -134362.99    12376.732   -146739.72    199.18418    51.950175   -205.97224    5.0392497    5.0392497    43.989146 
  272000     2000    298.92536    -92.55915    528621.91    -91249.11    42774.362   -134023.47    12286.893   -146310.37   -50.174478   -120.59234   -106.91063   -99.432492   -99.432492    105.85205 
  273000     3000    300.08067    45.325915    530267.32   -91422.146    42939.679   -134361.82    12147.348   -146509.17    -157.2781    44.302369    248.95347   -45.045768   -45.045768    129.48523 
  274000     4000    298.18121    248.05536     529826.9   -91858.278    42667.878   -134526.16    12195.357   -146721.51     299.5848   -24.016287    468.59756    -31.57768    -31.57768    134.70368 
  275000     5000    297.80888    260.58758    530518.49   -91409.851      42614.6   -134024.45    12294.503   -146318.95    493.23167    74.717804    213.81327   -34.336069   -34.336069    171.00933 
  276000     6000    296.09209    58.800611     531231.6   -92053.131    42368.938   -134422.07     12279.88   -146701.95    48.687723   -100.77494    228.48905   -10.336019   -10.336019   -43.624667 
  277000     7000    297.68753    38.268099    528417.16   -92055.721    42597.235   -134652.96    12376.633   -147029.59    11.880866    15.654327    87.269104   -214.29316   -214.29316    213.40323 
  278000     8000    297.10253   -86.716483    528570.73   -91551.747    42513.526   -134065.27    12364.079   -146429.35    53.638394    112.91861   -426.70646   -198.88795   -198.88795   -56.132979 
  279000     9000    296.95824   -306.78264    529038.55    -92269.77    42492.879   -134762.65    12407.877   -147170.53   -168.64896   -284.12979   -467.56918    154.57803    154.57803    12.335667 
  280000    10000    297.78227   -133.09937    529227.78   -91983.037    42610.792   -134593.83    12320.133   -146913.96   -135.07184   -308.32329     44.09703   -132.69903   -132.69903    239.35683 
  281000    11000    295.66424    306.08911    526742.27   -91995.107    42307.716   -134302.82    12476.438   -146779.26    691.77385    34.391433    192.10204   -153.12823   -153.12823    72.919133 
  282000    12000    297.38035   -13.227231    530255.16   -91743.488     42553.28   -134296.77    12219.336    -146516.1     179.7426    114.95004   -334.37433   -127.00164   -127.00164   -32.565787 
  283000    13000    296.85387     47.95059    528493.73   -92092.972    42477.944   -134570.92    12162.966   -146733.88    184.01086    15.293636    -55.45273    83.883406    83.883406   -77.232826 
  284000    14000     298.5741     70.70406    532519.75   -91607.505    42724.098    -134331.6    12316.484   -146648.09   -110.75557    166.68935     156.1784   -176.79353   -176.79353   -355.31531 
  285000    15000    298.19078    139.56034    531085.97   -91253.119    42669.248   -133922.37    12569.563   -146491.93    105.71915    167.92095    145.04091   -178.96024   -178.96024    22.365469 
  286000    16000    296.90217   -25.704882    529482.13   -92029.231    42484.856   -134514.09    12559.816    -147073.9    117.17524   -106.36262   -87.927268   -165.15433   -165.15433    123.15514 
  287000    17000    298.42094   -53.563404    530568.76   -91271.176    42702.182   -133973.36    12407.043    -146380.4    208.25582   -201.00925   -167.93679    76.149874    76.149874    242.08779 
  288000    18000    300.00969    94.474803    527352.01   -91764.803    42929.522   -134694.32     12396.14   -147090.47    228.21571    179.66308   -124.45438     91.99912     91.99912    34.705382 
  289000    19000    298.38042    12.745256    528713.63   -91920.983    42696.384   -134617.37    12471.928    -147089.3    295.82279   -77.824533   -179.76249   0.81806729   0.81806729    -178.6953 
  290000    20000    296.42689    20.133271    527917.16   -92057.921    42416.846   -134474.77    12533.938    -147008.7    104.41864   -216.58153     172.5627    26.346415    26.346415    48.959522 
  291000    21000    299.09454    154.09763    527255.15   -91769.358     42798.57   -134567.93    12396.341   -146964.27    342.85678    74.744629    44.691475    64.992448    64.992448    139.32815 
  292000    22000    298.13878   -146.09863    531294.34   -91599.818    42661.807   -134261.63    12465.216   -146726.84   -133.71876    4.0878296   -308.66496    247.82302    247.82302   -158.23452 
  293000    23000    298.80883    53.482061    527963.12    -92023.78    42757.687   -134781.47    12366.642   -147148.11    74.888246    54.523923    31.034014    95.096056    95.096056   -226.42437 
  294000    24000    296.22751    472.38151    528997.84   -91650.064    42388.316   -134038.38    12281.629   -146320.01    353.03727     700.3862    363.72105    12.332625    12.332625   -90.188883 
  295000    25000    297.83896    -26.72394    529470.45   -92196.016    42618.905   -134814.92    12556.705   -147371.63   -14.638619    105.62271   -171.15591   -46.747593   -46.747593    76.438596 
  296000    26000    298.06871    240.71481    529356.56   -91735.843    42651.781   -134387.62    12303.468   -146691.09    298.63122    196.34337    227.16986   -40.978399   -40.978399   -261.23638 
  297000    27000    298.39951   -44.219243    528726.13    -91813.91    42699.115   -134513.03    12468.854   -146981.88   -32.392794   -122.35305    22.088114    160.76958    160.76958    74.946166 
  298000    28000    298.05044    -171.1344    529637.34   -91957.711    42649.166   -134606.88    12469.652   -147076.53   -96.992801   -197.45199   -218.95841   -114.09994   -114.09994    147.38774 
  299000    29000    298.90235    61.552222    527057.88   -91799.229    42771.069    -134570.3    12540.818   -147111.12    36.600578    138.81255    9.2435388    60.779603    60.779603   -75.484615 
  300000    30000    299.07612    171.09216    528036.78   -91497.298    42795.935   -134293.23    12406.146   -146699.38   -29.580336    363.11473    179.74207    50.140082    50.140082   -85.171858 
  301000    31000    296.86622   -46.806703    527571.01   -92032.548    42479.711   -134512.26    12382.053   -146894.31   -40.335255    259.89941   -359.98427    49.497525    49.497525    39.475767 
  302000    32000    296.86604   -9.7927005    529236.58   -91504.996    42479.685   -133984.68    12326.964   -146311.65    16.391421    337.34982   -383.11934    229.93906    229.93906   -26.203503 
  303000    33000    295.82524    38.751783    527391.58   -92057.247    42330.754      -134388     12490.73   -146878.73    298.57581   -221.53333    39.212874   -34.549394   -34.549394   -94.920179 
  304000    34000    297.22247   -83.663272    526894.57   -92131.091    42530.689   -134661.78    12403.512   -147065.29   -95.119586   -194.16203    38.291802   -62.595574   -62.595574   -12.148511 
  305000    35000    295.82009   -18.444951    527487.86   -92157.328    42330.016   -134487.34    12580.969   -147068.31   -213.30209    -5.500805    163.46804   -11.885005   -11.885005    -71.57726 
  306000    36000    297.09509    203.05182    525502.36    -91988.54    42512.461      -134501    12522.775   -147023.78    283.77751    96.484421    228.89354   -113.84069   -113.84069   -108.66288 
  307000    37000     297.2874   -113.88964    529903.48   -91782.399     42539.98   -134322.38    12421.677   -146744.06    219.29408   -76.644963   -484.31803    24.178416    24.178416    7.0673325 
  308000    38000     299.0976   -158.08895    527189.83    -91914.38    42799.008   -134713.39    12297.071   -147010.46    -97.18351   -325.77697   -51.306358    13.922765    13.922765   -83.984173 
  309000    39000    299.18521     46.91829    530478.13    -91922.79    42811.544   -134734.33    12284.897   -147019.23    104.46361    253.62615   -217.33488   -134.97548   -134.97548    4.9901855 
  310000    40000    298.27171    38.190907    532441.84   -91437.557    42680.829   -134118.39    12569.993   -146688.38   -15.382247   -85.247621    215.20259    99.282755    99.282755   -140.09559 
  311000    41000    298.48377   -28.631837    527931.75     -91664.9    42711.173   -134376.07    12405.993   -146782.07    70.446331   -248.70823    92.366383   -19.799206   -19.799206    203.30304 
  312000    42000    299.52681    203.15392     530373.5   -90869.277    42860.426    -133729.7    12558.019   -146287.72   -148.90567    70.118527    688.24891   -165.47814   -165.47814    52.716276 
  313000    43000    298.09555    157.43135    529697.76   -92177.855    42655.621   -134833.48    12248.798   -147082.27   -75.454774    388.23293     159.5159   -20.940294   -20.940294   -5.6297595 
  314000    44000     298.6894   -235.76098    529074.06   -91804.461    42740.598   -134545.06    12445.629   -146990.69    103.22865   -629.40909   -181.10251      22.1855      22.1855    -106.8367 
  315000    45000    296.98519    85.754082    528790.76   -92273.776    42496.735   -134770.51    12421.592    -147192.1     281.0993    63.463596   -87.300655    136.38001    136.38001   -82.409331 
  316000    46000    297.43259   -13.727338    529810.09   -91871.901    42560.755   -134432.66    12375.835   -146808.49    182.64236   -49.641706   -174.18267   -126.43912   -126.43912   -79.097302 
  317000    47000    299.80019     55.77374    529661.02   -91899.451    42899.544   -134798.99    12594.226   -147393.22    296.92355   -25.043953   -104.55838    288.26213    288.26213   -18.505552 
  318000    48000    298.01488    138.82911    527666.02   -91762.861    42644.078   -134406.94    12591.758    -146998.7     277.2576     279.2021   -139.97237   -73.248363   -73.248363   -196.70126 
  319000    49000    298.05125     49.51971    529786.78   -92160.564    42649.282   -134809.85    12451.653    -147261.5    187.34081   -195.13031    156.34863    -8.067854    -8.067854   -87.260656 
  320000    50000    299.59599    170.65357    528333.26   -91867.729    42870.324   -134738.05    12283.712   -147021.77    52.375106    -38.02532    497.61091     98.23787     98.23787   -47.159541 
  321000    51000     296.3024   -59.212585    528105.05   -92158.452    42399.033   -134557.48    12489.174   -147046.66    31.728742   -190.65692   -18.709582    15.899592    15.899592   -211.64928 
  322000    52000    298.75619    66.382874    526241.41   -91413.053    42750.154   -134163.21    12484.254   -146647.46   -9.3574492    -39.56256    248.06863    221.43977    221.43977   -91.797538 
  323000    53000    300.07741    61.998881    529346.01   -91726.183    42939.213    -134665.4    12299.105    -146964.5   -156.38108    299.05451    43.323214   -60.242204   -60.242204    47.204874 
  324000    54000    296.63948   -53.060654    528763.01   -92066.211    42447.266   -134513.48    12499.994   -147013.47    119.08353   -266.91255   -11.352941    217.47469    217.47469    -151.8173 
  325000    55000    297.90542    283.72394    525604.53   -92031.038    42628.414   -134659.45    12437.341   -147096.79     341.4353    221.06538    288.67112     90.61209     90.61209   -355.01954 
  326000    56000    298.63479     432.8668    527068.23   -91906.049    42732.783   -134638.83    12478.092   -147116.92    347.80189    516.49356    434.30497   -81.464608   -81.464608    60.345396 
  327000    57000    299.01708   -244.18578    528591.27   -91548.055    42787.486   -134335.54    12652.988   -146988.53   -129.55866   -209.94186   -393.05683    95.248932    95.248932    143.39041 
  328000    58000    299.04393    20.673951    528140.91   -91565.135    42791.329   -134356.46    12392.372   -146748.84   -152.65898     342.7462   -128.06536    111.37348    111.37348    -61.55025 
  329000    59000    297.61037    172.27751    528965.36   -91882.829    42586.195   -134469.02    12596.819   -147065.84     175.7176    107.53406    233.58086    365.20155    365.20155   -1.0069369 
  330000    60000    298.99502   -133.69017    527216.83     -91831.3     42784.33   -134615.63    12449.311   -147064.94   -438.98961    27.374283    10.544813     62.04635     62.04635    -84.43697 
  331000    61000    296.32105   -281.96981    530206.46   -92001.313    42401.701   -134403.01    12424.614   -146827.63   -378.52842   -128.52685   -338.85416    270.58771    270.58771    12.615081 
  332000    62000     298.0863    106.98412    527313.09   -91644.465    42654.298   -134298.76    12542.352   -146841.12    180.22344    96.233763     44.49515    154.85674    154.85674   -46.780424 
  333000    63000    298.66691    152.59577    531802.84   -91411.271    42737.379   -134148.65    12522.524   -146671.17   -16.549882    57.588745    416.74845    216.94108    216.94108   -110.92869 
  334000    64000    297.42799   -77.029133    527443.49   -92124.937    42560.098   -134685.03    12565.266    -147250.3   -173.83724   -15.433059   -41.817098    35.915569    35.915569    32.002747 
  335000    65000    297.99078   -38.409733    528048.98   -91760.292     42640.63   -134400.92    12520.101   -146921.02   -38.362065   -125.18292    48.315783    43.734862    43.734862    117.71893 
  336000    66000    297.71043   -25.701203    529858.83   -91904.516    42600.513   -134505.03    12506.648   -147011.68   -196.20628   -50.521117    169.62379    58.192593    58.192593   -145.11637 
  337000    67000    299.25372    52.770311       528718    -91828.14    42821.348   -134649.49    12427.397   -147076.88   -76.602246      164.928    69.985182   -42.208486   -42.208486    -239.2133 
  338000    68000    298.77168    166.17705    529550.19   -91738.233    42752.371    -134490.6    12452.741   -146943.34   -18.378524    295.31868      221.591   -167.99679   -167.99679     11.78232 
  339000    69000    297.39001    218.01292    528135.18   -92135.193    42554.663   -134689.86     12366.14      -147056    50.775963    343.03421    260.22858    126.15333    126.15333      110.875 
  340000    70000    297.78103    77.175075    528256.47   -91805.378    42610.615   -134415.99    12445.678   -146861.67    46.709454   -16.983213    201.79898   -19.353817   -19.353817   -72.257285 
  341000    71000    298.56605    17.394042    527451.06   -91705.706    42722.947   -134428.65    12354.443    -146783.1    70.640966   -28.760872    10.302033   -175.54214   -175.54214     25.13004 
  342000    72000    296.91195    129.10051    530582.43   -91561.496    42486.255   -134047.75    12259.777   -146307.53   -150.73564    269.37233    268.66483   -64.511603   -64.511603    119.54623 
  343000    73000    297.32973    38.084713    531662.95   -92154.545    42546.037   -134700.58    12373.123   -147073.71    -177.8652     117.2304    174.88894    74.522744    74.522744   -10.616338 
  344000    74000    298.86775    163.41927    527832.95   -91794.753    42766.118   -134560.87    12386.322   -146947.19    462.46326     36.50324   -8.7086962    34.926844    34.926844    123.51189 
  345000    75000    299.29311   -107.77455    529707.21   -91650.561    42826.984   -134477.55    12432.098   -146909.64   -82.524885   -313.66678    72.868027    -53.50006    -53.50006    70.430849 
  346000    76000    296.37246   -166.29586    528852.09   -92297.893    42409.058   -134706.95    12343.139   -147050.09   -28.425831   -125.12423    -345.3375    153.61045    153.61045    151.03572 
  347000    77000    298.24509    173.67188    529664.37   -91733.664    42677.019   -134410.68    12240.625   -146651.31    88.663151    300.91006    131.44243    -24.37163    -24.37163    35.721957 
  348000    78000    297.05994   -92.977333    529133.98   -92110.825    42507.432   -134618.26    12450.559   -147068.82   -57.541192   -159.82854   -61.562271   -267.82978   -267.82978    37.834376 
  349000    79000     299.1378    2.3574404    529225.67   -91626.476    42804.761   -134431.24    12335.869   -146767.11   -228.21472   -71.640825    306.92787    129.40963    129.40963    47.027597 
  350000    80000    299.22632    36.410878    529671.83   -91411.673    42817.427    -134229.1    12321.316   -146550.42   -193.80936    127.59565    175.44635   -111.14798   -111.14798    155.79102 
  351000    81000    296.40538    26.794578    529083.97   -91827.394    42413.768   -134241.16    12395.329   -146636.49    118.68675   -130.84398    92.540971   -3.8400541   -3.8400541   -2.1334871 
  352000    82000    296.65421    8.3390301    529307.21   -91630.083    42449.375   -134079.46    12545.348   -146624.81    43.337898    115.07924   -133.40004    34.036338    34.036338   -47.756176 
  353000    83000    297.77358   -272.42794    526504.75   -92039.961    42609.549   -134649.51    12332.195   -146981.71    60.973179    -321.5464   -556.71062    127.91253    127.91253    12.833128 
  354000    84000    298.06528   -52.556904    529338.89   -91730.023     42651.29   -134381.31    12466.401   -146847.71   -151.44246   -49.541416    43.313163    106.51006    106.51006    6.7399058 
  355000    85000    298.86187   -113.76305    526858.75   -92093.683    42765.277   -134858.96    12355.972   -147214.93   -197.71365   -168.96034    25.384847    97.914445    97.914445   -135.15807 
  356000    86000    298.91845    148.28084    530422.76   -91613.219    42773.373   -134386.59    12534.195   -146920.79   -3.1597576    184.00826      263.994    418.33946    418.33946    3.7941522 
  357000    87000    297.27543   -5.4422523    526479.64    -92128.98    42538.267   -134667.25    12552.353    -147219.6    60.853117    174.30881   -251.48869    172.26284    172.26284    166.79297 
  358000    88000     295.9449   -97.277572     526803.8   -92014.115    42347.876   -134361.99    12505.617   -146867.61   -185.58579    237.44338   -343.69031   -42.092436   -42.092436     32.75029 
  359000    89000    298.29357    79.453257    529692.15   -91687.011    42683.957   -134370.97    12356.545   -146727.51    184.42728   -113.41235    167.34484    76.686553    76.686553    246.14891 
  360000    90000    296.86724    55.828873    527831.87   -92011.135    42479.858   -134490.99    12411.298   -146902.29    82.156433   -182.92556    268.25574   -151.71507   -151.71507   -88.797924 
  361000    91000    297.33311   -9.3716324    530626.84   -91707.295     42546.52   -134253.81    12414.703   -146668.52    132.26327   -274.64812    114.26995    229.56773    229.56773    303.73313 
  362000    92000    298.19319    56.135208    529099.27   -91838.519    42669.593   -134508.11    12313.787    -146821.9   -172.89962    47.787092    293.51815   -37.374586   -37.374586   -44.066214 
  363000    93000    299.50152   -147.92027     528610.1   -91812.145    42856.807   -134668.95     12361.25    -147030.2   -123.64274   -255.60189   -64.516173   -61.071555   -61.071555      103.022 
  364000    94000    296.73876   -32.238458    527910.39   -92026.262    42461.473   -134487.73    12257.244   -146744.98    167.82782   -128.24575   -136.29744   -135.43704   -135.43704    102.60508 
  365000    95000    297.71088   -7.1929704    527592.68   -92246.271    42600.577   -134846.85    12324.126   -147170.97   -164.22435   -75.936424    218.58187    112.44386    112.44386   -210.37235 
  366000    96000    298.48785    28.562951    528555.32   -91893.774    42711.756   -134605.53    12651.427   -147256.96   -125.20944    41.622413    169.27588   -114.67906   -114.67906    -18.97225 
  367000    97000    296.95714    8.3887347    526570.22    -92157.01    42492.722   -134649.73    12416.404   -147066.14   -371.79354   -22.790301    419.75004    11.232928    11.232928   -40.181751 
  368000    98000    297.93109    48.740931     529954.2   -91568.885    42632.087   -134200.97    12465.845   -146666.82    247.17041    84.403836   -185.35146   -51.143139   -51.143139    -10.92009 
  369000    99000      299.037   -202.78577    528604.72   -91834.978    42790.337   -134625.31    12456.831   -147082.15   -182.98064   -238.77139   -186.60528   -37.964157   -37.964157   -62.788184 
  370000   100000    298.66137   -14.460296    527765.49     -91843.8    42736.586   -134580.39    12618.663   -147199.05    10.775617    22.712602   -76.869108    227.18284    227.18284    42.421622 
  371000   101000     296.4556     58.48154    529061.12   -91929.741    42420.954    -134350.7    12527.706    -146878.4    24.629555   -52.345782    203.16085   -61.839768   -61.839768   -23.692176 
  372000   102000    299.44555   -153.38589    529491.38   -91692.991    42848.798   -134541.79     12630.52   -147172.31   -295.13699   -241.79215    76.771488   -85.279866   -85.279866    81.547846 
  373000   103000    296.23844   -141.30272    527468.73   -92353.356     42389.88   -134743.24    12446.405   -147189.64    38.734892   -258.80071   -203.84234    38.559997    38.559997    189.14045 
  374000   104000    297.48343    29.161635    527674.11    -91994.88     42568.03   -134562.91    12514.192    -147077.1   -90.181629   -24.866536    202.53307   -17.639887   -17.639887    133.09709 
  375000   105000    297.35214   -164.81121    528818.82   -92012.198    42549.243   -134561.44    12492.088   -147053.53   -270.99723    -75.25859   -148.17783   -315.92154   -315.92154   -129.05067 
  376000   106000    297.59438    58.882867    527483.75   -92344.857    42583.906   -134928.76    12550.513   -147479.28   -11.165337   -193.24892    381.06286   -117.96675   -117.96675    88.288884 
  377000   107000    297.22711   -61.612819    527244.15   -92181.191    42531.353   -134712.54    12579.448   -147291.99    370.64007   -294.71039   -260.76814    146.24202    146.24202    255.18453 
  378000   108000     300.2295    219.35793    526363.68   -91642.343    42960.975   -134603.32    12451.415   -147054.73    140.46586    474.88714    42.720796    133.61148    133.61148   -199.09548 
  379000   109000     298.2846    184.43871    526951.72   -91821.352    42682.673   -134504.02    12644.772    -147148.8   -3.6975121     402.3948    154.61884   -159.84414   -159.84414    109.21553 
  380000   110000    301.06951    242.26424     527761.3   -91242.622    43081.176    -134323.8    12584.354   -146908.15    193.56957    150.02623    383.19692    -93.37759    -93.37759   -27.999893 
  381000   111000    296.67588    27.666353    530328.76   -92073.836    42452.475   -134526.31    12522.155   -147048.47    20.933959   -107.16414    169.22924    84.492147    84.492147     28.41043 
  382000   112000    296.78634   -126.00498    528576.35   -92066.763    42468.281   -134535.04    12571.089   -147106.13   -132.97812    -290.9503    45.913464   -65.139412   -65.139412   -33.257755 
  383000   113000    296.95074    219.86701     527359.2   -92013.606    42491.805   -134505.41    12692.266   -147197.68    280.72282    226.57716    152.30105    162.70223    162.70223    74.381712 
  384000   114000    297.51916    71.031263    531401.67   -91869.985    42573.144   -134443.13    12654.842   -147097.97    379.81157   -105.06381   -61.653977   -155.01881   -155.01881    -167.9587 
  385000   115000    298.59828    42.873659    528103.88     -91664.1    42727.558   -134391.66    12659.546    -147051.2     177.1934   -303.88532     255.3129    30.661926    30.661926    88.532104 
  386000   116000    296.16177    41.858204    527859.74   -92204.415    42378.909   -134583.32    12512.376    -147095.7    27.116253   -79.749887    178.20825    7.8918884    7.8918884    44.891492 
  387000   117000    298.46577    62.797375    525813.99   -91933.001    42708.597    -134641.6    12520.508   -147162.11    55.609099    143.92076   -11.137732    45.568886    45.568886   -128.18997 
  388000   118000    298.28162   -32.077653     528652.5   -92024.295    42682.246   -134706.54     12477.16    -147183.7    120.95061   -22.192561   -194.99101   -75.065216   -75.065216    47.535377 
  389000   119000    300.77254    51.863036    528426.08   -91678.659    43038.682   -134717.34    12557.422   -147274.76    -200.6163  -0.34196342    356.54737   -7.1011937   -7.1011937   -120.11061 
  390000   120000    297.41581   -11.758209    528832.76   -91841.541    42558.354   -134399.89    12672.999   -147072.89    209.52335    119.77046   -364.56843   -8.0970722   -8.0970722   -80.760291 
  391000   121000    298.11842   -299.54863    530789.65   -91752.826    42658.893   -134411.72     12665.66   -147077.38   -455.07534   -71.913678   -371.65687    50.835618    50.835618   -121.81185 
  392000   122000    297.59288    78.982838    526534.53   -92310.515    42583.693   -134894.21    12545.686   -147439.89    209.96648     19.50111      7.48092   -73.058309   -73.058309     58.75453 
  393000   123000     297.8208    136.72676    529370.86    -91488.22    42616.306   -134104.53    12650.769   -146755.29    192.51329    276.29031   -58.623326   -107.18567   -107.18567    36.707264 
  394000   124000    297.53758    -36.94363    528500.37   -92019.781    42575.779   -134595.56    12619.983   -147215.54   -203.55749    65.313249    27.413353    215.96737    215.96737    107.97995 
  395000   125000     294.3414    125.26197    526295.02   -92197.995    42118.426   -134316.42    12689.109   -147005.53    169.98403   -26.077264    231.87915   -83.576289   -83.576289   -222.53842 
  396000   126000    298.12171    50.842504    527406.68   -92409.254    42659.364   -135068.62    12438.092   -147506.71    59.022035    49.041716     44.46376    224.51404    224.51404   -183.32256 
  397000   127000    298.40962    15.493695    529591.41   -91626.661    42700.562   -134327.22    12599.685   -146926.91   -88.819818    86.254882     49.04602   -279.96113   -279.96113    121.51893 
  398000   128000    295.65179   -180.66919    528882.78   -92138.496    42305.934   -134444.43      12396.4   -146840.83   -187.15474    -114.0866   -240.76622    30.857536    30.857536    263.68789 
  399000   129000    298.24138    43.901241     528944.2   -91434.167    42676.488   -134110.65    12503.938   -146614.59   -69.026635    136.04409    64.686265   -88.038851   -88.038851    43.251279 
  400000   130000    298.32162    199.73191    527245.61   -91817.271     42687.97   -134505.24    12491.639   -146996.88    80.681826    503.10025    15.413653    13.426257    13.426257    105.45584 
  401000   131000    298.06699    44.510976    527784.97    -91733.78    42651.535   -134385.31    12695.163   -147080.48     -104.225     114.9219    122.83603    46.542884    46.542884   -11.955296 
  402000   132000    298.24624   -23.969165    527935.88   -92018.143    42677.184   -134695.33    12743.725   -147439.05    484.69825   -320.96858   -235.63716   -138.83025   -138.83025    -31.20291 
  403000   133000    300.30793   -236.90671    527429.41   -91686.598    42972.199    -134658.8    12654.996   -147313.79   -254.71222   -219.25858   -236.74935    62.515853    62.515853    63.394756 
  404000   134000    298.06261    246.67407    529785.31   -91630.483    42650.907   -134281.39    12533.286   -146814.68    172.93913    153.38296    413.70013    121.85117    121.85117     -255.203 
  405000   135000     298.0062    168.32011    525979.65   -92225.921    42642.836   -134868.76    12484.705   -147353.46    193.61136     76.38561    234.96337    -96.11259    -96.11259      102.581 
  406000   136000    297.55296   -32.882961    530216.03   -91739.094     42577.98   -134317.07    12381.851   -146698.93    76.439706    70.054774   -245.14336    -148.6937    -148.6937    62.766844 
  407000   137000    297.08772    6.5229665    527538.67   -91969.597    42511.406      -134481    12613.469   -147094.47    91.689692    33.771399   -105.89219     167.2235     167.2235    14.920828 
  408000   138000    297.87474   -53.229522    529767.76   -91571.436    42624.024   -134195.46    12669.833   -146865.29    53.266306   -146.11221   -66.842657   -118.34169   -118.34169    203.69057 
  409000   139000    300.00435   -120.83674    528490.54   -91370.142    42928.758    -134298.9    12385.185   -146684.08   -151.11453    22.680467   -234.07617   -125.45354   -125.45354   -55.568736 
  410000   140000    297.99682   -110.64279    530081.19   -91841.495    42641.493   -134482.99    12519.586   -147002.57    -179.3203   -102.28019   -50.327879    49.867657    49.867657    196.33238 
  411000   141000    298.14748   -146.27826    527530.09   -91618.843    42663.051   -134281.89    12435.757   -146717.65   -397.43324    88.420038   -129.82159    161.72885    161.72885   -138.20782 
  412000   142000    298.19812    264.76011    528326.78   -91924.894    42670.298   -134595.19    12409.054   -147004.25     106.3963    529.97349    157.91053    50.940428    50.940428   -311.69365 
  413000   143000    298.15685    89.356844    528224.32   -91598.917    42664.393   -134263.31    12659.384   -146922.69    12.008765    294.81387   -38.752099    140.56343    140.56343    120.63835 
  414000   144000    298.31107   -50.308432    529482.19   -91983.258     42686.46   -134669.72    12494.567   -147164.28    77.324959   -94.897078   -133.35318   -248.50693   -248.50693    13.430696 
  415000   145000    300.22035   -342.85491    529540.47   -91676.944    42959.667   -134636.61    12639.863   -147276.47   -420.67331   -491.99972   -115.89172   -27.527863   -27.527863    22.687305 
  416000   146000     295.4963     34.32362    529938.54   -92084.129    42283.685   -134367.81    12493.434   -146861.25   -12.429198   -200.14846    315.54852   -113.54935   -113.54935   -50.823926 
  417000   147000      300.446    56.373391    526516.75   -91638.241    42991.956    -134630.2    12484.581   -147114.78    157.12549   -105.56715    117.56183   -144.78261   -144.78261   -30.322057 
  418000   148000    297.84429    86.780496     528314.7   -92166.951    42619.668   -134786.62     12692.14   -147478.76    133.67053   -94.035874    220.70684   -39.441012   -39.441012   -220.51869 
  419000   149000    297.96906    176.36316    526248.09   -91924.887    42637.521   -134562.41    12523.633   -147086.04    86.750774    207.65127    234.68743   -70.036347   -70.036347      58.9935 
  420000   150000     298.1813   -172.71668    522698.28   -92124.645    42667.891   -134792.54    12529.511   -147322.05   -184.10751   -435.74706    101.70453     105.2935     105.2935    90.460295 
  421000   151000    296.98674    31.281711    529204.52   -92184.887    42496.957   -134681.84    12529.935   -147211.78   -138.67748    348.25881    -115.7362   -249.31936   -249.31936    250.02872 
  422000   152000    297.23153    143.53325    526499.16   -92422.161    42531.985   -134954.15    12560.772   -147514.92   -66.105916    267.00198    229.70369    51.121552    51.121552    -26.08651 
  423000   153000    301.03127   -73.608317    525827.51   -91507.764    43075.704   -134583.47    12705.744   -147289.21   -85.404849   -23.490178   -111.92992   -45.399603   -45.399603   -69.556573 
  424000   154000    299.27023    92.054032    529892.55   -91667.137    42823.711   -134490.85     12729.25    -147220.1    171.16762    54.855158    50.139323   -146.34702   -146.34702   -61.043499 
  425000   155000    299.46127   -106.38302     528321.6   -91840.685    42851.047   -134691.73    12693.211   -147384.94    103.94694   -354.49356   -68.602431    8.7247067    8.7247067   -76.211202 
  426000   156000    296.25694    113.60021     528283.2   -91862.422    42392.528   -134254.95    12489.947    -146744.9    155.82174    194.15268   -9.1737957   -20.607375   -20.607375    38.391264 
  427000   157000    299.29021    155.55648    526808.22   -91475.747     42826.57   -134302.32    12524.877   -146827.19    194.03787    196.72131    75.910264    334.34503    334.34503   -59.289511 
  428000   158000    297.40916   -212.71762    528331.11   -92061.204    42557.403   -134618.61    12508.451   -147127.06   -231.75434   -286.26571    -120.1328    54.851981    54.851981    35.155002 
  429000   159000    300.42049    99.623828    526709.92   -91710.153    42988.305   -134698.46    12930.996   -147629.45   -28.997832    216.28598    111.58334    109.17129    109.17129    85.074732 
  430000   160000    298.36568     156.3999    525660.25   -91688.868    42694.275   -134383.14    12569.014   -146952.16   -109.15021    448.14873    130.20118    25.956802    25.956802    116.49787 
  431000   161000    297.72681   -189.39795    531700.39   -92286.445    42602.857    -134889.3     12449.66   -147338.96    116.25735    -307.4021   -377.04911   -400.11647   -400.11647    68.288864 
  432000   162000    296.01352   -51.387531    526000.08    -92582.31    42357.695      -134940    12545.995      -147486   -212.24376   -68.508619    126.58979    61.102932    61.102932    61.988719 
  433000   163000    296.40447    101.83074    526986.74   -92066.028    42413.637   -134479.66    12528.848   -147008.51     158.3815   -150.77534    297.88606    118.04679    118.04679   -200.32953 
  434000   164000    297.01321    141.87166     528514.6    -91958.57    42500.745   -134459.31    12639.385    -147098.7    12.254732    285.76826    127.59198    109.93176    109.93176   -20.919182 
  435000   165000    297.59842   -118.50687    527164.67   -91641.888    42584.484   -134226.37    12739.857   -146966.23   0.65316605   -86.954212   -269.21956    40.022567    40.022567    155.85167 
  436000   166000    297.88888    38.274738    529185.84   -91903.503    42626.047   -134529.55    12533.913   -147063.46    170.00981   -140.93801    85.752407   -280.71468   -280.71468     17.43825 
  437000   167000    299.93544   -208.87283    528843.33   -91484.415    42918.898   -134403.31    12574.425   -146977.74    -285.1032   -308.92765   -32.587653   -112.88609   -112.88609   -75.833432 
  438000   168000    296.35797   -76.882085    526861.77    -92386.22    42406.984    -134793.2    12684.713   -147477.92   -135.74311   -154.86538    59.962235    133.96176    133.96176    -79.27813 
  439000   169000    298.94263    245.70228    528079.09   -91910.917    42776.833   -134687.75    12543.896   -147231.65    208.58553    62.974559    465.54676    76.808228    76.808228   -116.06747 
  440000   170000    298.72913    130.11523    528008.97   -91886.745    42746.283   -134633.03    12564.322   -147197.35    108.18999    -130.9667    413.12241   -22.094421   -22.094421    181.50041 
  441000   171000     295.4053    271.25829     529210.7   -91777.188    42270.663   -134047.85    12602.435   -146650.29    75.606539     394.5505    343.61783    43.014342    43.014342   -147.10149 
  442000   172000    297.76226   -19.089883    529542.35   -92013.979    42607.929   -134621.91    12572.456   -147194.36   -72.507647   -94.059986    109.29798   -113.72208   -113.72208    2.4708707 
  443000   173000    296.63599   -69.011647    530455.39   -91820.815    42446.767   -134267.58    12674.313   -146941.89   -141.92235   -132.34397    67.231387   -183.29893   -183.29893   -235.88371 
  444000   174000    298.64544   -70.294577     527399.6   -92063.572    42734.307   -134797.88    12414.518    -147212.4   -451.54422   -154.87033    395.53082    126.48479    126.48479    152.49854 
  445000   175000    296.76081    -260.9864    527115.03   -92227.587    42464.628   -134692.22    12412.084    -147104.3   -82.727732      -264.97   -435.26148    75.574025    75.574025    42.837343 
  446000   176000    298.24611   -117.57603    529131.62   -92002.584    42677.165   -134679.75    12528.828   -147208.58    43.219385   -268.26324   -127.68422    265.30624    265.30624    236.57327 
  447000   177000    298.16692   -20.970791    528853.38   -92077.746    42665.833   -134743.58    12503.076   -147246.66    125.07624    80.121683    -268.1103    189.35152    189.35152   -128.79542 
  448000   178000    298.40369     26.10745    528437.36   -92157.681    42699.715    -134857.4    12670.443   -147527.84    422.80516    -168.0875   -176.39531     116.3102     116.3102    239.60422 
  449000   179000    298.32452    -125.8452    526064.56   -92065.798    42688.385   -134754.18    12772.952   -147527.13     100.8877   -413.68959   -64.733711   -5.8965086   -5.8965086   -51.558607 
  450000   180000    297.22829    304.96435    528808.32   -91892.508    42531.522   -134424.03    12651.749   -147075.78    325.70331    560.89557    28.294169   -125.65686   -125.65686   -6.4704996 
  451000   181000    299.08643   -205.26377    527902.99   -91911.514    42797.409   -134708.92    12509.851   -147218.77   -40.059223   -88.777522   -486.95455   -91.100648   -91.100648    103.81978 
  452000   182000    300.13245    126.90732       526542   -92127.433    42947.089   -135074.52    12562.542   -147637.06   -97.506065    186.01454    292.21348   -64.103276   -64.103276   -17.488802 
  453000   183000    300.59203   -18.430459    524947.89   -91781.321    43012.851   -134794.17    12559.189   -147353.36   -37.242169    3.7359652   -21.785172     61.05008     61.05008    113.10975 
  454000   184000    297.49742    157.15389     525936.9   -92018.969    42570.032      -134589    12651.623   -147240.62   -223.26874    450.35237    244.37804   -55.647906   -55.647906   -179.09629 
  455000   185000    299.28651    122.14271    527751.73   -91371.387    42826.041   -134197.43    12812.577   -147010.01     255.9649   -50.826634    161.28988   -232.17319   -232.17319   -95.855139 
  456000   186000    298.18299    -124.0221    529054.07   -91995.592    42668.133   -134663.73    12605.612   -147269.34   -212.14388   -89.465341   -70.457089    114.10447    114.10447   -76.439643 
  457000   187000    298.66271    95.717377    527890.89   -91657.244    42736.778   -134394.02    12513.532   -146907.55    -21.23002    85.081335    223.30082    236.74229    236.74229    298.62176 
  458000   188000    297.73797    54.379975     530936.2   -92050.815    42604.453   -134655.27    12552.431    -147207.7   -70.419071    5.1801293    228.37887    66.003462    66.003462    213.14359 
  459000   189000    298.75764    129.66266    528206.32   -91666.282    42750.362   -134416.64    12581.379   -146998.02     228.4032   -145.15409    305.73887   -37.030569   -37.030569    70.561782 
  460000   190000    297.33054   -20.337201    526666.65   -91824.674    42546.153   -134370.83    12534.886   -146905.71    232.64932   -61.713307   -231.94761    2.7844853    2.7844853    30.732057 
  461000   191000    298.27301    21.782657    525751.61   -91956.573    42681.014   -134637.59    12637.461   -147275.05   -201.86081    152.50663    114.70215    81.833376    81.833376   -14.005579 
  462000   192000    299.26162   -199.37009     527594.4    -91898.69    42822.478   -134721.17    12454.283   -147175.45    -69.66509    13.426958   -541.87214     171.8671     171.8671   -49.896318 
  463000   193000    298.95396   -86.732848    527203.21   -91912.785    42778.455   -134691.24    12575.788   -147267.03    22.631969   -488.77097    205.94046   -125.42412   -125.42412    45.889596 
  464000   194000    299.47724   -188.17276    528787.13   -91614.219    42853.332   -134467.55    12690.881   -147158.43   -323.42133   -182.96481   -58.132131   -173.81481   -173.81481    111.56217 
  465000   195000    296.10762     169.7409    529426.87   -92090.139     42371.16    -134461.3    12623.081   -147084.38    190.18827    133.94912     185.0853    53.748529    53.748529   -29.920258 
  466000   196000    297.42415     318.1678       526192   -92194.826    42559.548   -134754.37    12481.269   -147235.64    698.38951    115.57351    140.54039    3.3720735    3.3720735   -132.74467 
  467000   197000    299.68014   -52.564774    526512.48    -91806.88    42882.366   -134689.25    12619.314   -147308.56   -26.340291   -61.924161   -69.429871   -41.068214   -41.068214   -119.43258 
  468000   198000    298.54298   -262.33682    526728.31   -91983.699    42719.646   -134703.35    12635.935   -147339.28   -175.02336   -237.13746   -374.84964   -279.87039   -279.87039   -240.89416 
  469000   199000    299.96494     199.5876    528955.48   -91562.683    42923.119    -134485.8    12672.039   -147157.84    43.570439     334.6219    220.57046    159.27627    159.27627    -110.0004 
  470000   200000    299.08302   -170.62146    527133.16   -91871.033    42796.921   -134667.95    12575.775   -147243.73   -133.08519    87.602286   -466.38147    61.002512    61.002512    30.261616 
